# # FeCN6                                                        FEFF 10.0   
# # absorbing
# # POT  SCF 100  4.0000   0, core-hole, AFOLP (folp(0)= 1.150)
# # Abs   Z=26 Rmt= 1.319 Rnm= 1.388 K  shell
# # Pot 1 Z= 6 Rmt= 0.759 Rnm= 1.047
# # Pot 2 Z= 7 Rmt= 0.695 Rnm= 1.047
# # Gam_ch=1.309E+00 H-L exch Vi= 0.000E+00 Vr=-1.500E+01
# # Mu=-1.114E+01eV kf=2.681E+00 Vint=-1.891E+01eV Rs_int= 1.353
# # PATH  Rmax= 6.870,  Keep_limit= 0.00, Heap_limit 0.00  Pwcrit= 2.50%
#  S02=1.000  Temp= 150.00  Debye_temp=1073.00  Global_sig2= 0.00000
#  Energy zero shift, vr, vi    0.00000E+00   0.00000E+00
#  Curved wave amplitude ratio filter   4.000%
#     file         sig2 tot  cw amp ratio   deg  nlegs   reff  inp sig2
#           1       0.00416    100.00      6.00     2   2.0282
#           2       0.00421     35.77      6.00     2   3.2370
#           3       0.00421    122.90     12.00     3   3.2370
#           4       0.00421    103.70      6.00     4   3.2370
#           5       0.00679     13.71     24.00     3   3.4624
#           6       0.00666     14.37      6.00     3   4.0564
#           7       0.00666     10.60      6.00     4   4.0564
#          10       0.00362     13.71      6.00     4   4.4458
#          11       0.01151     47.08     12.00     5   4.4458
#          12       0.01151     40.79      6.00     6   4.4458
#          13       0.00768     10.05     48.00     3   4.5426
#          14       0.00768     12.91     48.00     4   4.5426
#          15       0.00703      6.64     48.00     4   4.6712
#          16       0.00703      9.94     48.00     5   4.6712
#          17       0.01186     12.71     24.00     4   4.8965
#          19       0.00672     11.77     12.00     3   5.2652
#          20       0.00672     16.35     12.00     4   5.2652
#          21       0.00672      7.44     12.00     4   5.2652
#          22       0.00672     20.02     12.00     4   5.2652
#          23       0.00672     19.02     12.00     6   5.2652
#          25       0.00672     11.37     12.00     5   5.2652
#          26       0.00672     27.99     12.00     5   5.2652
#          27       0.00672     12.44     12.00     5   5.2652
#          29       0.01469      5.13     12.00     5   5.2652
#          32       0.01469      6.80     12.00     6   5.2652
#          35       0.00985      5.19     48.00     5   5.4906
#          36       0.01071      4.81     48.00     5   5.4906
#          39       0.00592      8.14      6.00     6   5.6547
#          40       0.01880     28.77     12.00     7   5.6547
#          41       0.01880     25.57      6.00     8   5.6547
#          43       0.00774      4.49     48.00     5   5.7514
#          46       0.00774      8.05     48.00     6   5.7514
#          50       0.01367      4.13     48.00     6   5.8800
#          52       0.01367      7.38     48.00     7   5.8800
#          54       0.00880      4.09     48.00     4   5.9767
#          55       0.01862     11.58     48.00     4   5.9767
#          56       0.00880      7.22     48.00     5   5.9767
#          57       0.00909      9.28     48.00     5   5.9767
#          58       0.01862     20.73     48.00     5   5.9767
#          59       0.01234      7.06     48.00     5   5.9767
#          63       0.00882      8.93     48.00     6   6.1053
#          64       0.01003      5.99     24.00     6   6.1053
#          65       0.01766     12.65     48.00     5   6.1053
#          67       0.01300     22.00     48.00     6   6.1053
#          68       0.01122      4.91     24.00     6   6.1053
#          71       0.01343      8.51     12.00     8   6.4740
#          72       0.00677      8.78      6.00     8   6.4740
#          73       0.00644      4.97     12.00     7   6.4740
#          74       0.00677     10.39     12.00     7   6.4740
#          75       0.01343     15.84     12.00     7   6.4740
#          76       0.01343      5.39     12.00     7   6.4740
#          77       0.00677     11.39     12.00     7   6.4740
#          78       0.00677     13.98      6.00     7   6.4740
#          79       0.00644      9.02     12.00     6   6.4740
#          80       0.00677      6.77     12.00     6   6.4740
#          81       0.00677     16.10     12.00     6   6.4740
#          82       0.00677      6.73     12.00     6   6.4740
#          83       0.00677      6.68     12.00     4   6.4740
#          84       0.00677      8.59     12.00     4   6.4740
#          85       0.01343     10.96     12.00     6   6.4740
#          86       0.00677     19.64     12.00     6   6.4740
#          87       0.00644      6.28     12.00     5   6.4740
#          88       0.00677      4.03     12.00     5   6.4740
#          89       0.00677      4.67      6.00     5   6.4740
#          90       0.00677     11.41     12.00     5   6.4740
#          91       0.00677      4.27     12.00     5   6.4740
#          92       0.00677     11.40     12.00     5   6.4740
#          93       0.00677      7.33      6.00     5   6.4740
#         101       0.00842      5.02     12.00     7   6.4740
#         116       0.02513      4.14     48.00     4   6.8315
#         117       0.02259      7.76     48.00     5   6.8315
#         118       0.00822      5.50      6.00     8   6.8635
#         119       0.02610     19.82     12.00     9   6.8635
#    73/  86 paths used
#  -----------------------------------------------------------------------
#       k          chi          mag           phase @#
     0.0000    4.661232E-01  4.676933E-01  1.488832E+00
     0.0500    4.655478E-01  4.669370E-01  1.493641E+00
     0.1000    4.649595E-01  4.661785E-01  1.498464E+00
     0.1500    4.631106E-01  4.638830E-01  1.513084E+00
     0.2000    4.611406E-01  4.615665E-01  1.527831E+00
     0.2500    4.575639E-01  4.576372E-01  1.552890E+00
     0.3000    4.536262E-01  4.536389E-01  1.578289E+00
     0.3500    4.474604E-01  4.478938E-01  1.614790E+00
     0.4000    4.405363E-01  4.419897E-01  1.651917E+00
     0.4500    4.304712E-01  4.341543E-01  1.701145E+00
     0.5000    4.191024E-01  4.260261E-01  1.751330E+00
     0.5500    4.034453E-01  4.157642E-01  1.814833E+00
     0.6000    3.858798E-01  4.050475E-01  1.879666E+00
     0.6500    3.628371E-01  3.920120E-01  1.959037E+00
     0.7000    3.374516E-01  3.783768E-01  2.040196E+00
     0.7500    3.056907E-01  3.623620E-01  2.137629E+00
     0.8000    2.716401E-01  3.456742E-01  2.237560E+00
     0.8500    2.309883E-01  3.266974E-01  2.356288E+00
     0.9000    1.889672E-01  3.071257E-01  2.478856E+00
     0.9500    1.414872E-01  2.858294E-01  2.623751E+00
     1.0000    9.469277E-02  2.642754E-01  2.775135E+00
     1.0500    4.476941E-02  2.419118E-01  2.955455E+00
     1.1000   -1.302052E-03  2.200795E-01  3.147509E+00
     1.1500   -4.707823E-02  1.991680E-01  3.380226E+00
     1.2000   -8.512267E-02  1.803938E-01  3.633005E+00
     1.2500   -1.182420E-01  1.658494E-01  3.935286E+00
     1.3000   -1.400002E-01  1.558779E-01  4.257115E+00
     1.3500   -1.529910E-01  1.537151E-01  4.615287E+00
     1.4000   -1.522738E-01  1.571674E-01  4.962585E+00
     1.4500   -1.401876E-01  1.686394E-01  5.301768E+00
     1.5000   -1.146858E-01  1.830454E-01  5.606075E+00
     1.5500   -7.904996E-02  2.014776E-01  5.879999E+00
     1.6000   -3.431338E-02  2.192099E-01  6.126007E+00
     1.6500    1.641483E-02  2.397452E-01  6.351707E+00
     1.7000    7.055505E-02  2.577233E-01  6.560488E+00
     1.7500    1.273408E-01  2.777644E-01  6.759434E+00
     1.8000    1.818408E-01  2.947001E-01  6.948157E+00
     1.8500    2.358154E-01  3.130408E-01  7.136259E+00
     1.9000    2.819726E-01  3.279653E-01  7.317992E+00
     1.9500    3.224518E-01  3.434891E-01  7.502182E+00
     2.0000    3.499790E-01  3.552109E-01  7.682136E+00
     2.0500    3.684332E-01  3.684972E-01  7.872622E+00
     2.1000    3.691117E-01  3.770730E-01  8.059836E+00
     2.1500    3.524627E-01  3.809972E-01  8.243464E+00
     2.2000    3.205138E-01  3.804745E-01  8.423046E+00
     2.2500    2.740764E-01  3.773968E-01  8.611958E+00
     2.3000    2.181591E-01  3.700620E-01  8.794313E+00
     2.3500    1.580942E-01  3.593185E-01  8.969198E+00
     2.4000    9.859221E-02  3.461365E-01  9.135942E+00
     2.4500    4.153836E-02  3.369392E-01  9.301182E+00
     2.5000   -1.173592E-02  3.267980E-01  9.460698E+00
     2.5500   -5.978310E-02  3.162410E-01  9.614965E+00
     2.6000   -1.019614E-01  3.056905E-01  9.764839E+00
     2.6500   -1.418804E-01  2.983420E-01  9.920382E+00
     2.7000   -1.758702E-01  2.909856E-01  1.007378E+01
     2.7500   -2.037303E-01  2.836926E-01  1.022590E+01
     2.8000   -2.253178E-01  2.764491E-01  1.037758E+01
     2.8500   -2.422082E-01  2.702049E-01  1.053633E+01
     2.9000   -2.520048E-01  2.638044E-01  1.069535E+01
     2.9500   -2.546116E-01  2.571449E-01  1.085509E+01
     3.0000   -2.500609E-01  2.501119E-01  1.101578E+01
     3.0500   -2.387599E-01  2.430546E-01  1.118384E+01
     3.1000   -2.206240E-01  2.354820E-01  1.135270E+01
     3.1500   -1.965326E-01  2.273363E-01  1.152221E+01
     3.2000   -1.676898E-01  2.185983E-01  1.169204E+01
     3.2500   -1.355655E-01  2.105081E-01  1.186667E+01
     3.3000   -1.012650E-01  2.019083E-01  1.204099E+01
     3.3500   -6.645362E-02  1.928672E-01  1.221460E+01
     3.4000   -3.272598E-02  1.834860E-01  1.238705E+01
     3.4500   -6.890060E-04  1.749449E-01  1.256243E+01
     3.5000    2.809989E-02  1.662309E-01  1.273623E+01
     3.5500    5.278622E-02  1.574714E-01  1.290820E+01
     3.6000    7.288447E-02  1.487967E-01  1.307826E+01
     3.6500    8.910759E-02  1.409728E-01  1.325062E+01
     3.7000    1.006187E-01  1.333396E-01  1.342142E+01
     3.7500    1.076587E-01  1.259777E-01  1.359112E+01
     3.8000    1.105972E-01  1.189382E-01  1.376043E+01
     3.8500    1.104746E-01  1.128046E-01  1.393356E+01
     3.9000    1.068869E-01  1.069331E-01  1.410777E+01
     3.9500    1.002006E-01  1.012924E-01  1.428413E+01
     4.0000    9.076278E-02  9.582662E-02  1.446371E+01
     4.0500    7.923720E-02  9.087390E-02  1.464880E+01
     4.1000    6.565704E-02  8.592896E-02  1.483834E+01
     4.1500    5.056511E-02  8.092598E-02  1.503305E+01
     4.2000    3.463524E-02  7.580899E-02  1.523348E+01
     4.2500    1.877641E-02  7.085433E-02  1.543976E+01
     4.3000    3.676338E-03  6.571114E-02  1.565199E+01
     4.3500   -9.773869E-03  6.038037E-02  1.587055E+01
     4.4000   -2.076291E-02  5.488458E-02  1.609592E+01
     4.4500   -2.878821E-02  4.952634E-02  1.632825E+01
     4.5000   -3.341761E-02  4.406229E-02  1.656884E+01
     4.5500   -3.456701E-02  3.856232E-02  1.681953E+01
     4.6000   -3.248195E-02  3.311231E-02  1.708332E+01
     4.6500   -2.786158E-02  2.796538E-02  1.736495E+01
     4.7000   -2.126582E-02  2.303983E-02  1.767374E+01
     4.7500   -1.358303E-02  1.850641E-02  1.802542E+01
     4.8000   -5.745743E-03  1.462846E-02  1.844591E+01
     4.8500    1.383992E-03  1.185649E-02  1.896655E+01
     4.9000    7.142458E-03  1.067951E-02  1.958215E+01
     4.9500    1.099839E-02  1.129380E-02  2.019113E+01
     5.0000    1.265925E-02  1.316687E-02  2.069893E+01
     5.0500    1.212434E-02  1.567579E-02  2.110689E+01
     5.1000    9.487664E-03  1.834618E-02  2.144763E+01
     5.1500    5.081714E-03  2.095768E-02  2.174623E+01
     5.2000   -6.207471E-04  2.339928E-02  2.201768E+01
     5.2500   -7.126725E-03  2.570236E-02  2.227211E+01
     5.3000   -1.385599E-02  2.777435E-02  2.251345E+01
     5.3500   -2.025807E-02  2.960660E-02  2.274471E+01
     5.4000   -2.585610E-02  3.120338E-02  2.296781E+01
     5.4500   -3.035756E-02  3.264634E-02  2.318527E+01
     5.5000   -3.343917E-02  3.390016E-02  2.339684E+01
     5.5500   -3.496339E-02  3.499320E-02  2.360322E+01
     5.6000   -3.490014E-02  3.595783E-02  2.380509E+01
     5.6500   -3.331802E-02  3.686431E-02  2.400417E+01
     5.7000   -3.028981E-02  3.771825E-02  2.420034E+01
     5.7500   -2.594028E-02  3.854822E-02  2.439458E+01
     5.8000   -2.040459E-02  3.937403E-02  2.458797E+01
     5.8500   -1.380546E-02  4.024092E-02  2.478256E+01
     5.9000   -6.313100E-03  4.111779E-02  2.497859E+01
     5.9500    1.857366E-03  4.198777E-02  2.517699E+01
     6.0000    1.041616E-02  4.282307E-02  2.537844E+01
     6.0500    1.910067E-02  4.362481E-02  2.558594E+01
     6.1000    2.733403E-02  4.431730E-02  2.579739E+01
     6.1500    3.457317E-02  4.485820E-02  2.601271E+01
     6.2000    4.026787E-02  4.520875E-02  2.623164E+01
     6.2500    4.392985E-02  4.533662E-02  2.645377E+01
     6.3000    4.520386E-02  4.521792E-02  2.667860E+01
     6.3500    4.392650E-02  4.483844E-02  2.690557E+01
     6.4000    4.016042E-02  4.419411E-02  2.713411E+01
     6.4500    3.419640E-02  4.329083E-02  2.736365E+01
     6.5000    2.652211E-02  4.214369E-02  2.759365E+01
     6.5500    1.760953E-02  4.078401E-02  2.782787E+01
     6.6000    8.281292E-03  3.923397E-02  2.806166E+01
     6.6500   -7.629233E-04  3.752929E-02  2.829466E+01
     6.7000   -8.914488E-03  3.570753E-02  2.852666E+01
     6.7500   -1.570680E-02  3.380591E-02  2.875754E+01
     6.8000   -2.083994E-02  3.185927E-02  2.898736E+01
     6.8500   -2.418016E-02  2.989845E-02  2.921635E+01
     6.9000   -2.574018E-02  2.794896E-02  2.944490E+01
     6.9500   -2.564842E-02  2.603043E-02  2.967360E+01
     7.0000   -2.411574E-02  2.415647E-02  2.990321E+01
     7.0500   -2.136959E-02  2.231999E-02  3.013800E+01
     7.1000   -1.771124E-02  2.053346E-02  3.037563E+01
     7.1500   -1.346774E-02  1.879936E-02  3.061731E+01
     7.2000   -8.969854E-03  1.711943E-02  3.086444E+01
     7.2500   -4.539086E-03  1.549639E-02  3.111866E+01
     7.3000   -4.733795E-04  1.393552E-02  3.138195E+01
     7.3500    2.969032E-03  1.244611E-02  3.165680E+01
     7.4000    5.586507E-03  1.104283E-02  3.194634E+01
     7.4500    7.248946E-03  9.747101E-03  3.225452E+01
     7.5000    7.907693E-03  8.588331E-03  3.258592E+01
     7.5500    7.520353E-03  7.526846E-03  3.294518E+01
     7.6000    6.267609E-03  6.674916E-03  3.333787E+01
     7.6500    4.342893E-03  6.085536E-03  3.376284E+01
     7.7000    1.983961E-03  5.797662E-03  3.420826E+01
     7.7500   -5.513737E-04  5.812538E-03  3.465252E+01
     7.8000   -3.008157E-03  6.086014E-03  3.507452E+01
     7.8500   -5.153435E-03  6.547830E-03  3.546352E+01
     7.9000   -6.790642E-03  7.128102E-03  3.581938E+01
     7.9500   -7.769698E-03  7.771097E-03  3.614729E+01
     8.0000   -7.994048E-03  8.436403E-03  3.645358E+01
     8.0500   -7.374467E-03  9.095696E-03  3.675366E+01
     8.1000   -5.964303E-03  9.751263E-03  3.704097E+01
     8.1500   -3.853573E-03  1.038480E-02  3.731894E+01
     8.2000   -1.194020E-03  1.098070E-02  3.759016E+01
     8.2500    1.806921E-03  1.152494E-02  3.785654E+01
     8.3000    4.898987E-03  1.200472E-02  3.811947E+01
     8.3500    7.809681E-03  1.240855E-02  3.837987E+01
     8.4000    1.027149E-02  1.272664E-02  3.863831E+01
     8.4500    1.205243E-02  1.295143E-02  3.889512E+01
     8.5000    1.298486E-02  1.307812E-02  3.915042E+01
     8.5500    1.309204E-02  1.322070E-02  3.940953E+01
     8.6000    1.224545E-02  1.327806E-02  3.966689E+01
     8.6500    1.052985E-02  1.325091E-02  3.992227E+01
     8.7000    8.112859E-03  1.314299E-02  4.017543E+01
     8.7500    5.220918E-03  1.296082E-02  4.042611E+01
     8.8000    2.108390E-03  1.271331E-02  4.067409E+01
     8.8500   -9.740483E-04  1.241107E-02  4.091927E+01
     8.9000   -3.806014E-03  1.206559E-02  4.116163E+01
     8.9500   -6.214961E-03  1.168829E-02  4.140134E+01
     9.0000   -8.083263E-03  1.128955E-02  4.163875E+01
     9.0500   -9.462079E-03  1.099132E-02  4.187768E+01
     9.1000   -1.022191E-02  1.068856E-02  4.211492E+01
     9.1500   -1.036634E-02  1.038523E-02  4.235118E+01
     9.2000   -9.927396E-03  1.008270E-02  4.258725E+01
     9.2500   -8.959996E-03  9.779920E-03  4.282390E+01
     9.3000   -7.539934E-03  9.473849E-03  4.306186E+01
     9.3500   -5.764067E-03  9.160199E-03  4.330171E+01
     9.4000   -3.750329E-03  8.834230E-03  4.354386E+01
     9.4500   -1.634945E-03  8.491548E-03  4.378855E+01
     9.5000    4.348308E-04  8.128773E-03  4.403582E+01
     9.5500    2.376666E-03  7.846377E-03  4.429003E+01
     9.6000    4.035345E-03  7.542229E-03  4.454684E+01
     9.6500    5.294509E-03  7.216030E-03  4.480607E+01
     9.7000    6.074819E-03  6.868911E-03  4.506749E+01
     9.7500    6.343399E-03  6.503294E-03  4.533089E+01
     9.8000    6.116998E-03  6.122654E-03  4.559608E+01
     9.8500    5.458230E-03  5.731227E-03  4.586298E+01
     9.9000    4.465778E-03  5.333691E-03  4.613161E+01
     9.9500    3.260567E-03  4.934857E-03  4.640211E+01
    10.0000    1.970552E-03  4.539400E-03  4.667485E+01
    10.0500    6.752411E-04  4.219919E-03  4.696319E+01
    10.1000   -5.146398E-04  3.908129E-03  4.725596E+01
    10.1500   -1.505003E-03  3.607939E-03  4.755418E+01
    10.2000   -2.228923E-03  3.323036E-03  4.785911E+01
    10.2500   -2.649058E-03  3.056952E-03  4.817217E+01
    10.3000   -2.757233E-03  2.813184E-03  4.849491E+01
    10.3500   -2.572020E-03  2.595302E-03  4.882873E+01
    10.4000   -2.135035E-03  2.406977E-03  4.917463E+01
    10.4500   -1.506329E-03  2.251829E-03  4.953271E+01
    10.5000   -7.590226E-04  2.133030E-03  4.990167E+01
    10.5500    2.679151E-05  2.052653E-03  5.027853E+01
    10.6000    7.707261E-04  2.010967E-03  5.065881E+01
    10.6500    1.398987E-03  2.006010E-03  5.103724E+01
    10.7000    1.850850E-03  2.033700E-03  5.140898E+01
    10.7500    2.083975E-03  2.088495E-03  5.177048E+01
    10.8000    2.077868E-03  2.164285E-03  5.211982E+01
    10.8500    1.835068E-03  2.255179E-03  5.245656E+01
    10.9000    1.379996E-03  2.355990E-03  5.278128E+01
    10.9500    7.557836E-04  2.462424E-03  5.309511E+01
    11.0000    1.966112E-05  2.571065E-03  5.339943E+01
    11.0500   -7.709824E-04  2.686044E-03  5.369820E+01
    11.1000   -1.544198E-03  2.800205E-03  5.399119E+01
    11.1500   -2.230455E-03  2.912648E-03  5.427933E+01
    11.2000   -2.766858E-03  3.022645E-03  5.456352E+01
    11.2500   -3.101745E-03  3.129520E-03  5.484454E+01
    11.3000   -3.198508E-03  3.232550E-03  5.512313E+01
    11.3500   -3.038645E-03  3.330899E-03  5.539990E+01
    11.4000   -2.623978E-03  3.423584E-03  5.567538E+01
    11.4500   -1.977736E-03  3.509489E-03  5.595000E+01
    11.5000   -1.144118E-03  3.587401E-03  5.622407E+01
    11.5500   -1.859092E-04  3.656078E-03  5.649780E+01
    11.6000    8.200871E-04  3.714330E-03  5.677129E+01
    11.6500    1.789678E-03  3.761110E-03  5.704458E+01
    11.7000    2.639408E-03  3.795597E-03  5.731763E+01
    11.7500    3.295203E-03  3.817262E-03  5.759032E+01
    11.8000    3.700319E-03  3.825925E-03  5.786251E+01
    11.8500    3.821369E-03  3.821776E-03  5.813406E+01
    11.9000    3.651509E-03  3.805376E-03  5.840480E+01
    11.9500    3.210352E-03  3.777630E-03  5.867459E+01
    12.0000    2.540752E-03  3.739731E-03  5.894332E+01
    12.0500    1.700161E-03  3.715462E-03  5.921498E+01
    12.1000    7.516305E-04  3.684311E-03  5.948481E+01
    12.1500   -2.280684E-04  3.647577E-03  5.975283E+01
    12.2000   -1.164777E-03  3.606571E-03  6.001912E+01
    12.2500   -1.992639E-03  3.562509E-03  6.028384E+01
    12.3000   -2.657998E-03  3.516409E-03  6.054726E+01
    12.3500   -3.121592E-03  3.469016E-03  6.080968E+01
    12.4000   -3.359447E-03  3.420745E-03  6.107146E+01
    12.4500   -3.362959E-03  3.371672E-03  6.133296E+01
    12.5000   -3.138569E-03  3.321558E-03  6.159454E+01
    12.5500   -2.707148E-03  3.269906E-03  6.185650E+01
    12.6000   -2.103009E-03  3.216041E-03  6.211911E+01
    12.6500   -1.372223E-03  3.159205E-03  6.238253E+01
    12.7000   -5.699643E-04  3.098655E-03  6.264686E+01
    12.7500    2.432680E-04  3.033741E-03  6.291213E+01
    12.8000    1.006403E-03  2.963979E-03  6.317829E+01
    12.8500    1.663087E-03  2.889085E-03  6.344525E+01
    12.9000    2.166849E-03  2.809000E-03  6.371288E+01
    12.9500    2.485377E-03  2.723881E-03  6.398106E+01
    13.0000    2.603306E-03  2.634081E-03  6.424964E+01
    13.0500    2.523778E-03  2.540056E-03  6.451592E+01
    13.1000    2.265461E-03  2.439508E-03  6.478268E+01
    13.1500    1.861363E-03  2.333268E-03  6.504989E+01
    13.2000    1.355115E-03  2.222256E-03  6.531765E+01
    13.2500    7.960386E-04  2.107418E-03  6.558610E+01
    13.3000    2.341002E-04  1.989674E-03  6.585551E+01
    13.3500   -2.846495E-04  1.869883E-03  6.612627E+01
    13.4000   -7.217480E-04  1.748822E-03  6.639887E+01
    13.4500   -1.048914E-03  1.627191E-03  6.667397E+01
    13.5000   -1.249541E-03  1.505633E-03  6.695239E+01
    13.5500   -1.319167E-03  1.384773E-03  6.723519E+01
    13.6000   -1.265013E-03  1.265280E-03  6.752369E+01
    13.6500   -1.104696E-03  1.147935E-03  6.781958E+01
    13.7000   -8.641763E-04  1.033718E-03  6.812511E+01
    13.7500   -5.750621E-04  9.239169E-04  6.844321E+01
    13.8000   -2.714450E-04  8.202651E-04  6.877776E+01
    13.8500    1.346574E-05  7.251124E-04  6.913361E+01
    13.9000    2.505651E-04  6.416087E-04  6.951624E+01
    13.9500    4.175595E-04  5.737700E-04  6.993007E+01
    14.0000    5.008433E-04  5.260987E-04  7.037473E+01
    14.0500    5.187144E-04  5.269009E-04  7.086234E+01
    14.1000    4.447014E-04  5.555254E-04  7.132849E+01
    14.1500    2.895085E-04  6.053096E-04  7.175793E+01
    14.2000    7.178368E-05  6.690094E-04  7.214913E+01
    14.2500   -1.840708E-04  7.407537E-04  7.250775E+01
    14.3000   -4.503972E-04  8.163878E-04  7.284103E+01
    14.3500   -6.988305E-04  8.931129E-04  7.315525E+01
    14.4000   -9.027139E-04  9.690375E-04  7.345530E+01
    14.4500   -1.039274E-03  1.042829E-03  7.374483E+01
    14.5000   -1.091491E-03  1.113481E-03  7.402649E+01
    14.5500   -1.049609E-03  1.180166E-03  7.430225E+01
    14.6000   -9.121706E-04  1.242159E-03  7.457353E+01
    14.6500   -6.864570E-04  1.298793E-03  7.484135E+01
    14.7000   -3.881737E-04  1.349457E-03  7.510645E+01
    14.7500   -4.028237E-05  1.393606E-03  7.536931E+01
    14.8000    3.290142E-04  1.430780E-03  7.563025E+01
    14.8500    6.889814E-04  1.460635E-03  7.588944E+01
    14.9000    1.009454E-03  1.482961E-03  7.614694E+01
    14.9500    1.263927E-03  1.497698E-03  7.640276E+01
    15.0000    1.432197E-03  1.504936E-03  7.665684E+01
