# # FeCN6                                                        FEFF 10.0   
# # absorbing
# # POT  SCF 100  4.0000   0, core-hole, AFOLP (folp(0)= 1.150)
# # Abs   Z=26 Rmt= 1.319 Rnm= 1.388 K  shell
# # Pot 1 Z= 6 Rmt= 0.759 Rnm= 1.047
# # Pot 2 Z= 7 Rmt= 0.695 Rnm= 1.047
# # Gam_ch=1.309E+00 H-L exch Vi= 0.000E+00 Vr=-1.500E+01
# # Mu=-1.114E+01eV kf=2.681E+00 Vint=-1.891E+01eV Rs_int= 1.353
# # PATH  Rmax= 6.870,  Keep_limit= 0.00, Heap_limit 0.00  Pwcrit= 2.50%
#  S02=1.000  Temp= 150.00  Debye_temp=1073.00  Global_sig2= 0.00000
#  Energy zero shift, vr, vi    0.00000E+00   0.00000E+00
#  Curved wave amplitude ratio filter   4.000%
#     file         sig2 tot  cw amp ratio   deg  nlegs   reff  inp sig2
#           1       0.00416    100.00      6.00     2   2.0282
#           2       0.00421     35.77      6.00     2   3.2370
#           3       0.00421    122.90     12.00     3   3.2370
#           4       0.00421    103.70      6.00     4   3.2370
#           5       0.00679     13.71     24.00     3   3.4624
#           6       0.00666     14.37      6.00     3   4.0564
#           7       0.00666     10.60      6.00     4   4.0564
#          10       0.00362     13.71      6.00     4   4.4458
#          11       0.01151     47.08     12.00     5   4.4458
#          12       0.01151     40.79      6.00     6   4.4458
#          13       0.00768     10.05     48.00     3   4.5426
#          14       0.00768     12.91     48.00     4   4.5426
#          15       0.00703      6.64     48.00     4   4.6712
#          16       0.00703      9.94     48.00     5   4.6712
#          17       0.01186     12.71     24.00     4   4.8965
#          19       0.00672     11.77     12.00     3   5.2652
#          20       0.00672     16.35     12.00     4   5.2652
#          21       0.00672      7.44     12.00     4   5.2652
#          22       0.00672     20.02     12.00     4   5.2652
#          23       0.00672     19.02     12.00     6   5.2652
#          25       0.00672     11.37     12.00     5   5.2652
#          26       0.00672     27.99     12.00     5   5.2652
#          27       0.00672     12.44     12.00     5   5.2652
#          29       0.01469      5.13     12.00     5   5.2652
#          32       0.01469      6.80     12.00     6   5.2652
#          35       0.00985      5.19     48.00     5   5.4906
#          36       0.01071      4.81     48.00     5   5.4906
#          39       0.00592      8.14      6.00     6   5.6547
#          40       0.01880     28.77     12.00     7   5.6547
#          41       0.01880     25.57      6.00     8   5.6547
#          43       0.00774      4.49     48.00     5   5.7514
#          46       0.00774      8.05     48.00     6   5.7514
#          50       0.01367      4.13     48.00     6   5.8800
#          52       0.01367      7.38     48.00     7   5.8800
#          54       0.00880      4.09     48.00     4   5.9767
#          55       0.01862     11.58     48.00     4   5.9767
#          56       0.00880      7.22     48.00     5   5.9767
#          57       0.00909      9.28     48.00     5   5.9767
#          58       0.01862     20.73     48.00     5   5.9767
#          59       0.01234      7.06     48.00     5   5.9767
#          63       0.00882      8.93     48.00     6   6.1053
#          64       0.01003      5.99     24.00     6   6.1053
#          65       0.01766     12.65     48.00     5   6.1053
#          67       0.01300     22.00     48.00     6   6.1053
#          68       0.01122      4.91     24.00     6   6.1053
#          71       0.01343      8.51     12.00     8   6.4740
#          72       0.00677      8.78      6.00     8   6.4740
#          73       0.00644      4.97     12.00     7   6.4740
#          74       0.00677     10.39     12.00     7   6.4740
#          75       0.01343     15.84     12.00     7   6.4740
#          76       0.01343      5.39     12.00     7   6.4740
#          77       0.00677     11.39     12.00     7   6.4740
#          78       0.00677     13.98      6.00     7   6.4740
#          79       0.00644      9.02     12.00     6   6.4740
#          80       0.00677      6.77     12.00     6   6.4740
#          81       0.00677     16.10     12.00     6   6.4740
#          82       0.00677      6.73     12.00     6   6.4740
#          83       0.00677      6.68     12.00     4   6.4740
#          84       0.00677      8.59     12.00     4   6.4740
#          85       0.01343     10.96     12.00     6   6.4740
#          86       0.00677     19.64     12.00     6   6.4740
#          87       0.00644      6.28     12.00     5   6.4740
#          88       0.00677      4.03     12.00     5   6.4740
#          89       0.00677      4.67      6.00     5   6.4740
#          90       0.00677     11.41     12.00     5   6.4740
#          91       0.00677      4.27     12.00     5   6.4740
#          92       0.00677     11.40     12.00     5   6.4740
#          93       0.00677      7.33      6.00     5   6.4740
#         101       0.00842      5.02     12.00     7   6.4740
#         116       0.02513      4.14     48.00     4   6.8315
#         117       0.02259      7.76     48.00     5   6.8315
#         118       0.00822      5.50      6.00     8   6.8635
#         119       0.02610     19.82     12.00     9   6.8635
#    73/  86 paths used
#  xsedge+50, used to normalize mu           3.2441E-04
#  -----------------------------------------------------------------------
#  omega    e    k    mu    mu0     chi     @#
    7130.670      3.864   0.000  9.07569E-01  4.68966E-01  4.66123E-01
    7130.680      3.874   0.050  9.15778E-01  4.77680E-01  4.65548E-01
    7130.708      3.902   0.100  9.23974E-01  4.86395E-01  4.64960E-01
    7130.756      3.950   0.150  9.47785E-01  5.11860E-01  4.63111E-01
    7130.823      4.017   0.200  9.71481E-01  5.37325E-01  4.61141E-01
    7130.908      4.102   0.250  1.00613E+00  5.75204E-01  4.57564E-01
    7131.013      4.207   0.300  1.04043E+00  6.13083E-01  4.53626E-01
    7131.137      4.331   0.350  1.07472E+00  6.53017E-01  4.47460E-01
    7131.280      4.474   0.400  1.10829E+00  6.92951E-01  4.40536E-01
    7131.442      4.636   0.450  1.13176E+00  7.25731E-01  4.30471E-01
    7131.623      4.817   0.500  1.15398E+00  7.58510E-01  4.19102E-01
    7131.823      5.017   0.550  1.16294E+00  7.82091E-01  4.03445E-01
    7132.042      5.236   0.600  1.17009E+00  8.05672E-01  3.85880E-01
    7132.280      5.474   0.650  1.16475E+00  8.21978E-01  3.62837E-01
    7132.537      5.731   0.700  1.15718E+00  8.38283E-01  3.37452E-01
    7132.813      6.007   0.750  1.13855E+00  8.49603E-01  3.05691E-01
    7133.109      6.303   0.800  1.11773E+00  8.60924E-01  2.71640E-01
    7133.423      6.617   0.850  1.08727E+00  8.68893E-01  2.30988E-01
    7133.756      6.950   0.900  1.05552E+00  8.76863E-01  1.88967E-01
    7134.109      7.303   0.950  1.01626E+00  8.82531E-01  1.41487E-01
    7134.480      7.674   1.000  9.77680E-01  8.88199E-01  9.46928E-02
    7134.871      8.065   1.050  9.34485E-01  8.92203E-01  4.47694E-02
    7135.280      8.474   1.100  8.94979E-01  8.96208E-01 -1.30205E-03
    7135.709      8.903   1.150  8.54536E-01  8.98930E-01 -4.70782E-02
    7136.157      9.351   1.200  8.21459E-01  9.01653E-01 -8.51227E-02
    7136.623      9.817   1.250  7.91962E-01  9.03156E-01 -1.18242E-01
    7137.109     10.303   1.300  7.73244E-01  9.04659E-01 -1.40000E-01
    7137.614     10.808   1.350  7.61697E-01  9.04892E-01 -1.52991E-01
    7138.138     11.332   1.400  7.63014E-01  9.05124E-01 -1.52274E-01
    7138.681     11.875   1.450  7.73504E-01  9.03857E-01 -1.40188E-01
    7139.243     12.437   1.500  7.96340E-01  9.02590E-01 -1.14686E-01
    7139.824     13.018   1.550  8.27474E-01  9.00447E-01 -7.90500E-02
    7140.424     13.618   1.600  8.66742E-01  8.98304E-01 -3.43134E-02
    7141.043     14.237   1.650  9.12150E-01  8.97082E-01  1.64148E-02
    7141.681     14.875   1.700  9.60491E-01  8.95861E-01  7.05551E-02
    7142.338     15.532   1.750  1.01276E+00  8.96112E-01  1.27341E-01
    7143.014     16.209   1.800  1.06293E+00  8.96363E-01  1.81841E-01
    7143.710     16.904   1.850  1.11435E+00  8.97933E-01  2.35815E-01
    7144.424     17.618   1.900  1.15878E+00  8.99504E-01  2.81973E-01
    7145.158     18.352   1.950  1.20001E+00  9.02459E-01  3.22452E-01
    7145.910     19.104   2.000  1.22952E+00  9.05413E-01  3.49979E-01
    7146.682     19.876   2.050  1.25344E+00  9.10329E-01  3.68433E-01
    7147.472     20.666   2.100  1.26091E+00  9.15244E-01  3.69112E-01
    7148.282     21.476   2.150  1.25207E+00  9.20160E-01  3.52463E-01
    7149.110     22.305   2.200  1.22857E+00  9.25075E-01  3.20514E-01
    7149.958     23.152   2.250  1.19245E+00  9.31470E-01  2.74076E-01
    7150.825     24.019   2.300  1.14676E+00  9.37865E-01  2.18159E-01
    7151.711     24.905   2.350  1.09648E+00  9.44260E-01  1.58094E-01
    7152.616     25.810   2.400  1.04611E+00  9.50654E-01  9.85922E-02
    7153.540     26.734   2.450  9.95037E-01  9.54694E-01  4.15384E-02
    7154.483     27.677   2.500  9.47299E-01  9.58733E-01 -1.17359E-02
    7155.445     28.639   2.550  9.04343E-01  9.62772E-01 -5.97831E-02
    7156.426     29.620   2.600  8.66847E-01  9.66811E-01 -1.01961E-01
    7157.426     30.620   2.650  8.29158E-01  9.68427E-01 -1.41880E-01
    7158.445     31.639   2.700  7.97202E-01  9.70042E-01 -1.75870E-01
    7159.483     32.677   2.750  7.71197E-01  9.71658E-01 -2.03730E-01
    7160.540     33.735   2.800  7.51306E-01  9.73274E-01 -2.25318E-01
    7161.617     34.811   2.850  7.35353E-01  9.74129E-01 -2.42208E-01
    7162.712     35.906   2.900  7.26374E-01  9.74985E-01 -2.52005E-01
    7163.827     37.021   2.950  7.24479E-01  9.75841E-01 -2.54612E-01
    7164.960     38.154   3.000  7.29653E-01  9.76697E-01 -2.50061E-01
    7166.113     39.307   3.050  7.40721E-01  9.76849E-01 -2.38760E-01
    7167.284     40.478   3.100  7.58580E-01  9.77001E-01 -2.20624E-01
    7168.475     41.669   3.150  7.82378E-01  9.77153E-01 -1.96533E-01
    7169.684     42.879   3.200  8.10941E-01  9.77306E-01 -1.67690E-01
    7170.913     44.107   3.250  8.43012E-01  9.77636E-01 -1.35566E-01
    7172.161     45.355   3.300  8.77308E-01  9.77966E-01 -1.01265E-01
    7173.428     46.622   3.350  9.12177E-01  9.78296E-01 -6.64536E-02
    7174.714     47.908   3.400  9.46034E-01  9.78626E-01 -3.27260E-02
    7176.018     49.213   3.450  9.78254E-01  9.78941E-01 -6.89006E-04
    7177.342     50.537   3.500  1.00729E+00  9.79256E-01  2.80999E-02
    7178.685     51.880   3.550  1.03229E+00  9.79571E-01  5.27862E-02
    7180.048     53.242   3.600  1.05274E+00  9.79886E-01  7.28845E-02
    7181.429     54.623   3.650  1.06918E+00  9.80030E-01  8.91076E-02
    7182.829     56.023   3.700  1.08094E+00  9.80175E-01  1.00619E-01
    7184.248     57.442   3.750  1.08824E+00  9.80320E-01  1.07659E-01
    7185.686     58.881   3.800  1.09143E+00  9.80465E-01  1.10597E-01
    7187.144     60.338   3.850  1.09182E+00  9.80898E-01  1.10475E-01
    7188.620     61.814   3.900  1.08872E+00  9.81330E-01  1.06887E-01
    7190.115     63.310   3.950  1.08251E+00  9.81762E-01  1.00201E-01
    7191.630     64.824   4.000  1.07352E+00  9.82195E-01  9.07628E-02
    7193.163     66.358   4.050  1.06241E+00  9.82647E-01  7.92372E-02
    7194.716     67.910   4.100  1.04922E+00  9.83100E-01  6.56570E-02
    7196.288     69.482   4.150  1.03450E+00  9.83553E-01  5.05651E-02
    7197.878     71.072   4.200  1.01892E+00  9.84006E-01  3.46352E-02
    7199.488     72.682   4.250  1.00324E+00  9.84309E-01  1.87764E-02
    7201.117     74.311   4.300  9.88318E-01  9.84612E-01  3.67634E-03
    7202.765     75.959   4.350  9.75058E-01  9.84914E-01 -9.77387E-03
    7204.431     77.626   4.400  9.64277E-01  9.85217E-01 -2.07629E-02
    7206.117     79.312   4.450  9.56383E-01  9.85409E-01 -2.87882E-02
    7207.822     81.017   4.500  9.51917E-01  9.85601E-01 -3.34176E-02
    7209.546     82.741   4.550  9.50960E-01  9.85794E-01 -3.45670E-02
    7211.289     84.484   4.600  9.53262E-01  9.85986E-01 -3.24819E-02
    7213.052     86.246   4.650  9.57834E-01  9.85886E-01 -2.78616E-02
    7214.833     88.027   4.700  9.64389E-01  9.85787E-01 -2.12658E-02
    7216.633     89.827   4.750  9.72029E-01  9.85688E-01 -1.35830E-02
    7218.452     91.646   4.800  9.79814E-01  9.85588E-01 -5.74574E-03
    7220.290     93.485   4.850  9.86553E-01  9.85163E-01  1.38399E-03
    7222.148     95.342   4.900  9.91901E-01  9.84739E-01  7.14246E-03
    7224.024     97.219   4.950  9.95331E-01  9.84314E-01  1.09984E-02
    7225.920     99.114   5.000  9.96557E-01  9.83889E-01  1.26593E-02
    7227.834    101.028   5.050  9.95235E-01  9.83119E-01  1.21243E-02
    7229.768    102.962   5.100  9.91818E-01  9.82350E-01  9.48766E-03
    7231.720    104.915   5.150  9.86644E-01  9.81580E-01  5.08171E-03
    7233.692    106.886   5.200  9.80193E-01  9.80810E-01 -6.20747E-04
    7235.683    108.877   5.250  9.72629E-01  9.79711E-01 -7.12673E-03
    7237.693    110.887   5.300  9.64864E-01  9.78612E-01 -1.38560E-02
    7239.721    112.916   5.350  9.57443E-01  9.77512E-01 -2.02581E-02
    7241.769    114.964   5.400  9.50838E-01  9.76413E-01 -2.58561E-02
    7243.836    117.030   5.450  9.45171E-01  9.75149E-01 -3.03576E-02
    7245.922    119.116   5.500  9.40919E-01  9.73886E-01 -3.34392E-02
    7248.027    121.221   5.550  9.38210E-01  9.72623E-01 -3.49634E-02
    7250.151    123.345   5.600  9.37066E-01  9.71359E-01 -3.49001E-02
    7252.294    125.489   5.650  9.37278E-01  9.69964E-01 -3.33180E-02
    7254.457    127.651   5.700  9.38902E-01  9.68570E-01 -3.02898E-02
    7256.638    129.832   5.750  9.41808E-01  9.67175E-01 -2.59403E-02
    7258.838    132.032   5.800  9.45858E-01  9.65780E-01 -2.04046E-02
    7261.057    134.252   5.850  9.50923E-01  9.64382E-01 -1.38055E-02
    7263.296    136.490   5.900  9.56838E-01  9.62984E-01 -6.31310E-03
    7265.553    138.747   5.950  9.63392E-01  9.61586E-01  1.85737E-03
    7267.830    141.024   6.000  9.70299E-01  9.60188E-01  1.04162E-02
    7270.125    143.319   6.050  9.77617E-01  9.59095E-01  1.91007E-02
    7272.440    145.634   6.100  9.84479E-01  9.58003E-01  2.73340E-02
    7274.773    147.968   6.150  9.90362E-01  9.56910E-01  3.45732E-02
    7277.126    150.320   6.200  9.94736E-01  9.55817E-01  4.02679E-02
    7279.498    152.692   6.250  9.97137E-01  9.54724E-01  4.39298E-02
    7281.888    155.083   6.300  9.97227E-01  9.53632E-01  4.52039E-02
    7284.298    157.492   6.350  9.94856E-01  9.52539E-01  4.39265E-02
    7286.727    159.921   6.400  9.90093E-01  9.51446E-01  4.01604E-02
    7289.175    162.369   6.450  9.83225E-01  9.50353E-01  3.41964E-02
    7291.642    164.836   6.500  9.74728E-01  9.49260E-01  2.65221E-02
    7294.128    167.322   6.550  9.65558E-01  9.48661E-01  1.76095E-02
    7296.633    169.827   6.600  9.56002E-01  9.48061E-01  8.28129E-03
    7299.157    172.351   6.650  9.46731E-01  9.47462E-01 -7.62923E-04
    7301.700    174.895   6.700  9.38327E-01  9.46862E-01 -8.91449E-03
    7304.263    177.457   6.750  9.31235E-01  9.46263E-01 -1.57068E-02
    7306.844    180.038   6.800  9.25739E-01  9.45663E-01 -2.08399E-02
    7309.444    182.638   6.850  9.21963E-01  9.45064E-01 -2.41802E-02
    7312.063    185.258   6.900  9.19891E-01  9.44464E-01 -2.57402E-02
    7314.702    187.896   6.950  9.19397E-01  9.43865E-01 -2.56484E-02
    7317.359    190.554   7.000  9.20276E-01  9.43265E-01 -2.41157E-02
    7320.036    193.230   7.050  9.22412E-01  9.42762E-01 -2.13696E-02
    7322.731    195.926   7.100  9.25410E-01  9.42258E-01 -1.77112E-02
    7325.446    198.640   7.150  9.28957E-01  9.41755E-01 -1.34677E-02
    7328.180    201.374   7.200  9.32737E-01  9.41252E-01 -8.96985E-03
    7330.932    204.127   7.250  9.36444E-01  9.40748E-01 -4.53909E-03
    7333.704    206.898   7.300  9.39796E-01  9.40245E-01 -4.73379E-04
    7336.495    209.689   7.350  9.42551E-01  9.39741E-01  2.96903E-03
    7339.305    212.499   7.400  9.44519E-01  9.39238E-01  5.58651E-03
    7342.134    215.328   7.450  9.45580E-01  9.38735E-01  7.24895E-03
    7344.982    218.176   7.500  9.45691E-01  9.38231E-01  7.90769E-03
    7347.849    221.043   7.550  9.44583E-01  9.37498E-01  7.52035E-03
    7350.735    223.929   7.600  9.42662E-01  9.36765E-01  6.26761E-03
    7353.640    226.834   7.650  9.40113E-01  9.36032E-01  4.34289E-03
    7356.564    229.758   7.700  9.37161E-01  9.35299E-01  1.98396E-03
    7359.507    232.702   7.750  9.34050E-01  9.34566E-01 -5.51374E-04
    7362.470    235.664   7.800  9.31018E-01  9.33834E-01 -3.00816E-03
    7365.451    238.645   7.850  9.28284E-01  9.33101E-01 -5.15343E-03
    7368.451    241.645   7.900  9.26029E-01  9.32368E-01 -6.79064E-03
    7371.471    244.665   7.950  9.24391E-01  9.31635E-01 -7.76970E-03
    7374.509    247.703   8.000  9.23459E-01  9.30902E-01 -7.99405E-03
    7377.567    250.761   8.050  9.22761E-01  9.29615E-01 -7.37447E-03
    7380.643    253.837   8.100  9.22794E-01  9.28329E-01 -5.96430E-03
    7383.739    256.933   8.150  9.23472E-01  9.27042E-01 -3.85357E-03
    7386.853    260.048   8.200  9.24652E-01  9.25756E-01 -1.19402E-03
    7389.987    263.181   8.250  9.26138E-01  9.24469E-01  1.80692E-03
    7393.140    266.334   8.300  9.27699E-01  9.23183E-01  4.89899E-03
    7396.312    269.506   8.350  9.29083E-01  9.21896E-01  7.80968E-03
    7399.503    272.697   8.400  9.30046E-01  9.20610E-01  1.02715E-02
    7402.713    275.907   8.450  9.30378E-01  9.19324E-01  1.20524E-02
    7405.941    279.136   8.500  9.29926E-01  9.18037E-01  1.29849E-02
    7409.189    282.384   8.550  9.28664E-01  9.16693E-01  1.30920E-02
    7412.457    285.651   8.600  9.26531E-01  9.15348E-01  1.22455E-02
    7415.743    288.937   8.650  9.23607E-01  9.14004E-01  1.05298E-02
    7419.048    292.242   8.700  9.20048E-01  9.12659E-01  8.11286E-03
    7422.372    295.566   8.750  9.16064E-01  9.11315E-01  5.22092E-03
    7425.715    298.910   8.800  9.11886E-01  9.09970E-01  2.10839E-03
    7429.078    302.272   8.850  9.07742E-01  9.08626E-01 -9.74048E-04
    7432.459    305.653   8.900  9.03834E-01  9.07282E-01 -3.80601E-03
    7435.859    309.054   8.950  9.00314E-01  9.05937E-01 -6.21496E-03
    7439.279    312.473   9.000  8.97290E-01  9.04593E-01 -8.08326E-03
    7442.717    315.912   9.050  8.94955E-01  9.03496E-01 -9.46208E-03
    7446.175    319.369   9.100  8.93181E-01  9.02399E-01 -1.02219E-02
    7449.652    322.846   9.150  8.91962E-01  9.01303E-01 -1.03663E-02
    7453.147    326.341   9.200  8.91269E-01  9.00206E-01 -9.92740E-03
    7456.662    329.856   9.250  8.91051E-01  8.99109E-01 -8.96000E-03
    7460.196    333.390   9.300  8.91238E-01  8.98013E-01 -7.53993E-03
    7463.748    336.943   9.350  8.91741E-01  8.96916E-01 -5.76407E-03
    7467.320    340.515   9.400  8.92456E-01  8.95819E-01 -3.75033E-03
    7470.911    344.105   9.450  8.93258E-01  8.94723E-01 -1.63495E-03
    7474.521    347.715   9.500  8.94015E-01  8.93626E-01  4.34831E-04
    7478.150    351.344   9.550  8.94917E-01  8.92790E-01  2.37667E-03
    7481.798    354.993   9.600  8.95562E-01  8.91955E-01  4.03534E-03
    7485.465    358.660   9.650  8.95849E-01  8.91119E-01  5.29451E-03
    7489.152    362.346   9.700  8.95707E-01  8.90284E-01  6.07482E-03
    7492.857    366.051   9.750  8.95107E-01  8.89448E-01  6.34340E-03
    7496.581    369.775   9.800  8.94065E-01  8.88612E-01  6.11700E-03
    7500.324    373.519   9.850  8.92639E-01  8.87777E-01  5.45823E-03
    7504.087    377.281   9.900  8.90916E-01  8.86941E-01  4.46578E-03
    7507.868    381.062   9.950  8.89006E-01  8.86106E-01  3.26057E-03
    7511.669    384.863  10.000  8.87021E-01  8.85270E-01  1.97055E-03
    7515.488    388.682  10.050  8.84821E-01  8.84222E-01  6.75241E-04
    7519.327    392.521  10.100  8.82718E-01  8.83174E-01 -5.14640E-04
    7523.184    396.378  10.150  8.80793E-01  8.82126E-01 -1.50500E-03
    7527.061    400.255  10.200  8.79107E-01  8.81078E-01 -2.22892E-03
    7530.957    404.151  10.250  8.77690E-01  8.80030E-01 -2.64906E-03
    7534.871    408.066  10.300  8.76549E-01  8.78982E-01 -2.75723E-03
    7538.805    411.999  10.350  8.75667E-01  8.77934E-01 -2.57202E-03
    7542.758    415.952  10.400  8.75007E-01  8.76886E-01 -2.13503E-03
    7546.730    419.924  10.450  8.74514E-01  8.75837E-01 -1.50633E-03
    7550.721    423.915  10.500  8.74123E-01  8.74789E-01 -7.59023E-04
    7554.731    427.925  10.550  8.73765E-01  8.73741E-01  2.67915E-05
    7558.760    431.954  10.600  8.73368E-01  8.72693E-01  7.70726E-04
    7562.808    436.002  10.650  8.72869E-01  8.71645E-01  1.39899E-03
    7566.875    440.069  10.700  8.72214E-01  8.70597E-01  1.85085E-03
    7570.961    444.156  10.750  8.71367E-01  8.69549E-01  2.08397E-03
    7575.067    448.261  10.800  8.70311E-01  8.68501E-01  2.07787E-03
    7579.191    452.385  10.850  8.69050E-01  8.67453E-01  1.83507E-03
    7583.334    456.529  10.900  8.67604E-01  8.66405E-01  1.38000E-03
    7587.497    460.691  10.950  8.66013E-01  8.65357E-01  7.55784E-04
    7591.678    464.872  11.000  8.64326E-01  8.64309E-01  1.96611E-05
    7595.879    469.073  11.050  8.62224E-01  8.62891E-01 -7.70982E-04
    7600.098    473.293  11.100  8.60139E-01  8.61473E-01 -1.54420E-03
    7604.337    477.531  11.150  8.58131E-01  8.60055E-01 -2.23045E-03
    7608.595    481.789  11.200  8.56254E-01  8.58637E-01 -2.76686E-03
    7612.871    486.065  11.250  8.54552E-01  8.57219E-01 -3.10175E-03
    7617.167    490.361  11.300  8.53055E-01  8.55801E-01 -3.19851E-03
    7621.482    494.676  11.350  8.51779E-01  8.54383E-01 -3.03865E-03
    7625.816    499.010  11.400  8.50720E-01  8.52965E-01 -2.62398E-03
    7630.169    503.363  11.450  8.49858E-01  8.51547E-01 -1.97774E-03
    7634.541    507.735  11.500  8.49153E-01  8.50129E-01 -1.14412E-03
    7638.932    512.126  11.550  8.48553E-01  8.48711E-01 -1.85909E-04
    7643.342    516.536  11.600  8.47990E-01  8.47293E-01  8.20087E-04
    7647.771    520.965  11.650  8.47394E-01  8.45875E-01  1.78968E-03
    7652.219    525.413  11.700  8.46693E-01  8.44457E-01  2.63941E-03
    7656.686    529.880  11.750  8.45826E-01  8.43039E-01  3.29520E-03
    7661.172    534.367  11.800  8.44745E-01  8.41621E-01  3.70032E-03
    7665.678    538.872  11.850  8.43424E-01  8.40203E-01  3.82137E-03
    7670.202    543.396  11.900  8.41858E-01  8.38785E-01  3.65151E-03
    7674.745    547.940  11.950  8.40064E-01  8.37367E-01  3.21035E-03
    7679.308    552.502  12.000  8.38080E-01  8.35949E-01  2.54075E-03
    7683.889    557.084  12.050  8.36187E-01  8.34763E-01  1.70016E-03
    7688.490    561.684  12.100  8.34207E-01  8.33578E-01  7.51630E-04
    7693.110    566.304  12.150  8.32202E-01  8.32392E-01 -2.28068E-04
    7697.748    570.942  12.200  8.30235E-01  8.31207E-01 -1.16478E-03
    7702.406    575.600  12.250  8.28361E-01  8.30021E-01 -1.99264E-03
    7707.083    580.277  12.300  8.26625E-01  8.28836E-01 -2.65800E-03
    7711.778    584.973  12.350  8.25057E-01  8.27650E-01 -3.12159E-03
    7716.493    589.688  12.400  8.23678E-01  8.26465E-01 -3.35945E-03
    7721.227    594.421  12.450  8.22493E-01  8.25279E-01 -3.36296E-03
    7725.980    599.174  12.500  8.21497E-01  8.24093E-01 -3.13857E-03
    7730.752    603.946  12.550  8.20672E-01  8.22908E-01 -2.70715E-03
    7735.543    608.737  12.600  8.19988E-01  8.21722E-01 -2.10301E-03
    7740.353    613.548  12.650  8.19407E-01  8.20537E-01 -1.37222E-03
    7745.182    618.377  12.700  8.18882E-01  8.19351E-01 -5.69964E-04
    7750.031    623.225  12.750  8.18366E-01  8.18166E-01  2.43268E-04
    7754.898    628.092  12.800  8.17806E-01  8.16980E-01  1.00640E-03
    7759.784    632.978  12.850  8.17157E-01  8.15795E-01  1.66309E-03
    7764.690    637.884  12.900  8.16381E-01  8.14609E-01  2.16685E-03
    7769.614    642.808  12.950  8.15453E-01  8.13424E-01  2.48538E-03
    7774.557    647.752  13.000  8.14361E-01  8.12238E-01  2.60331E-03
    7779.520    652.714  13.050  8.12909E-01  8.10855E-01  2.52378E-03
    7784.502    657.696  13.100  8.11313E-01  8.09472E-01  2.26546E-03
    7789.502    662.696  13.150  8.09598E-01  8.08088E-01  1.86136E-03
    7794.522    667.716  13.200  8.07803E-01  8.06705E-01  1.35511E-03
    7799.560    672.755  13.250  8.05966E-01  8.05322E-01  7.96039E-04
    7804.618    677.812  13.300  8.04128E-01  8.03939E-01  2.34100E-04
    7809.695    682.889  13.350  8.02326E-01  8.02556E-01 -2.84649E-04
    7814.791    687.985  13.400  8.00592E-01  8.01173E-01 -7.21748E-04
    7819.906    693.100  13.450  7.98948E-01  7.99789E-01 -1.04891E-03
    7825.040    698.234  13.500  7.97405E-01  7.98406E-01 -1.24954E-03
    7830.193    703.387  13.550  7.95968E-01  7.97023E-01 -1.31917E-03
    7835.365    708.559  13.600  7.94630E-01  7.95640E-01 -1.26501E-03
    7840.556    713.750  13.650  7.93377E-01  7.94257E-01 -1.10470E-03
    7845.766    718.960  13.700  7.92186E-01  7.92874E-01 -8.64176E-04
    7850.995    724.190  13.750  7.91034E-01  7.91490E-01 -5.75062E-04
    7856.244    729.438  13.800  7.89892E-01  7.90107E-01 -2.71445E-04
    7861.511    734.705  13.850  7.88735E-01  7.88724E-01  1.34657E-05
    7866.797    739.991  13.900  7.87539E-01  7.87341E-01  2.50565E-04
    7872.103    745.297  13.950  7.86287E-01  7.85958E-01  4.17560E-04
    7877.427    750.621  14.000  7.84968E-01  7.84574E-01  5.00843E-04
    7882.771    755.965  14.050  7.83549E-01  7.83141E-01  5.18714E-04
    7888.133    761.327  14.100  7.82057E-01  7.81708E-01  4.44701E-04
    7893.515    766.709  14.150  7.80502E-01  7.80275E-01  2.89509E-04
    7898.915    772.110  14.200  7.78898E-01  7.78842E-01  7.17837E-05
    7904.335    777.529  14.250  7.77266E-01  7.77409E-01 -1.84071E-04
    7909.774    782.968  14.300  7.75626E-01  7.75976E-01 -4.50397E-04
    7915.232    788.426  14.350  7.74001E-01  7.74543E-01 -6.98830E-04
    7920.708    793.903  14.400  7.72410E-01  7.73110E-01 -9.02714E-04
    7926.204    799.399  14.450  7.70873E-01  7.71677E-01 -1.03927E-03
    7931.719    804.914  14.500  7.69401E-01  7.70244E-01 -1.09149E-03
    7937.253    810.448  14.550  7.68002E-01  7.68811E-01 -1.04961E-03
    7942.806    816.001  14.600  7.66676E-01  7.67378E-01 -9.12171E-04
    7948.378    821.573  14.650  7.65418E-01  7.65945E-01 -6.86457E-04
    7953.970    827.164  14.700  7.64214E-01  7.64512E-01 -3.88174E-04
    7959.580    832.774  14.750  7.63048E-01  7.63079E-01 -4.02824E-05
    7965.209    838.403  14.800  7.61897E-01  7.61646E-01  3.29014E-04
    7970.857    844.052  14.850  7.60738E-01  7.60213E-01  6.88981E-04
    7976.525    849.719  14.900  7.59547E-01  7.58780E-01  1.00945E-03
    7982.211    855.405  14.950  7.58306E-01  7.57347E-01  1.26393E-03
    7987.917    861.111  15.000  7.56998E-01  7.55913E-01  1.43220E-03
