# Orientation sensitive EELS calculation - beam energy =   300.keV
# Sample to beam orientation :    0.000    1.000    0.000
# Collection and convergence semiangle:      2.400      0.000   ; # points:     5 x 3
# Detector position:     0.0000     0.0000
# Units are a_0^2 / eV.  Multiply by 28.00 10^-18  to get cm^-2 / eV.  Or by 28 to get Mbarn / eV.
# Relativistic and cross-terms.
# # POT  SCF 100  4.0000   0, screened core-hole, AFOLP (folp(0)= 1.150)                            
# # Gam_ch=1.729E+00 H-L exch Vi= 0.000E+00 Vr= 0.000E+00                                           
# FMS rfms= 7.0000                                                                                  
#  S02=1.000  Temp=   0.00  Debye_temp=   0.00  Global_sig2= 0.00000                                
#  Energy zero shift, vr, vi    0.00000E+00   0.00000E+00                                           
#  Energy       total         atomic-bg     fine-struct   xx            xy            xz            yx            yy            yz            zx            zy            zz
   8979.41      0.123021E-12  0.138421E-12 -0.154000E-13  0.253207E-14  0.166012E-37  0.497278E-38 -0.102010E-36  0.117957E-12  0.135182E-36  0.388742E-38  0.301220E-37  0.253207E-14
   8980.98      0.146291E-12  0.166308E-12 -0.200164E-13  0.301002E-14  0.374584E-37  0.166287E-38 -0.156369E-36  0.140271E-12  0.176324E-36  0.502442E-38  0.587747E-37  0.301002E-14
   8982.40      0.176688E-12  0.203180E-12 -0.264919E-13  0.363432E-14  0.859475E-37  0.359746E-38 -0.244380E-36  0.169419E-12  0.229221E-36  0.533567E-38  0.969783E-37  0.363432E-14
   8983.67      0.217648E-12  0.253300E-12 -0.356513E-13  0.447560E-14  0.708575E-37  0.743621E-38 -0.374295E-36  0.208697E-12  0.258609E-36  0.297980E-38  0.120488E-36  0.447560E-14
   8984.79      0.275015E-12  0.323692E-12 -0.486761E-13  0.565389E-14  0.153608E-36  0.875573E-38 -0.461152E-36  0.263708E-12  0.387913E-36  0.189310E-37  0.191018E-36  0.565389E-14
   8985.76      0.359104E-12  0.426320E-12 -0.672165E-13  0.738106E-14  0.171491E-36  0.362748E-38 -0.608282E-36  0.344342E-12  0.670032E-36  0.202832E-37  0.223344E-36  0.738106E-14
   8986.58      0.488216E-12  0.581579E-12 -0.933632E-13  0.100331E-13  0.319042E-36  0.696114E-38 -0.146292E-35  0.468150E-12  0.987415E-36  0.240458E-37  0.340893E-36  0.100331E-13
   8987.25      0.691224E-12  0.820442E-12 -0.129218E-12  0.142029E-13  0.841948E-36  0.238957E-38 -0.134969E-35  0.662818E-12  0.185728E-35  0.165027E-37  0.376158E-36  0.142029E-13
   8987.77      0.991347E-12  0.116633E-11 -0.174981E-12  0.203673E-13  0.112592E-35 -0.133977E-37 -0.329419E-35  0.950612E-12  0.244503E-35  0.486806E-37  0.476075E-36  0.203673E-13
   8988.01      0.120045E-11  0.140524E-11 -0.204798E-12  0.246620E-13  0.128055E-35 -0.314518E-37 -0.570637E-35  0.115112E-11  0.371456E-35  0.589566E-37  0.517218E-36  0.246620E-13
   8988.45      0.169050E-11  0.196992E-11 -0.279420E-12  0.347263E-13  0.153295E-35  0.144968E-36 -0.725746E-35  0.162104E-11  0.583045E-35  0.144764E-37 -0.225695E-35  0.347263E-13
   8988.88      0.215054E-11  0.255077E-11 -0.400225E-12  0.441725E-13  0.294175E-35  0.275054E-36 -0.670221E-35  0.206220E-11  0.441986E-35  0.356612E-36  0.291523E-35  0.441725E-13
   8989.31      0.242613E-11  0.298808E-11 -0.561951E-12  0.498285E-13 -0.106526E-34  0.514033E-36  0.143529E-35  0.232648E-11  0.124132E-34  0.456700E-36 -0.257139E-37  0.498285E-13
   8989.74      0.253331E-11  0.329363E-11 -0.760317E-12  0.520249E-13  0.120535E-34  0.251060E-36 -0.131919E-35  0.242926E-11  0.460794E-35  0.352549E-36  0.526621E-35  0.520249E-13
   8990.18      0.255286E-11  0.351961E-11 -0.966756E-12  0.524214E-13  0.115676E-34 -0.229563E-36 -0.558948E-35  0.244801E-11  0.507814E-35  0.239128E-36  0.793459E-37  0.524214E-13
   8990.61      0.254384E-11  0.369849E-11 -0.115465E-11  0.522314E-13  0.672509E-36  0.137482E-35 -0.121263E-34  0.243938E-11  0.611257E-35 -0.246440E-36  0.498410E-35  0.522318E-13
   8990.70      0.253942E-11  0.373433E-11 -0.119491E-11  0.521394E-13  0.934016E-35  0.496653E-36 -0.162449E-34  0.243514E-11 -0.564237E-36  0.989784E-37  0.733508E-35  0.521394E-13
   8991.14      0.253777E-11  0.387724E-11 -0.133947E-11  0.521007E-13 -0.108284E-35 -0.364210E-36  0.656883E-36  0.243357E-11  0.575992E-36 -0.359343E-37  0.799336E-35  0.521007E-13
   8991.60      0.256534E-11  0.401122E-11 -0.144588E-11  0.526614E-13 -0.893332E-35 -0.958014E-37 -0.236347E-35  0.246002E-11  0.639469E-35  0.407476E-36  0.133536E-34  0.526614E-13
   8992.11      0.264686E-11  0.413738E-11 -0.149052E-11  0.543290E-13 -0.411540E-35 -0.162136E-36  0.628809E-35  0.253821E-11 -0.296225E-35 -0.627717E-37  0.152344E-34  0.543290E-13
   8992.65      0.280255E-11  0.425635E-11 -0.145380E-11  0.575178E-13 -0.237735E-35 -0.450103E-36 -0.104982E-34  0.268752E-11 -0.117549E-35  0.963917E-37  0.432582E-35  0.575178E-13
   8993.23      0.302976E-11  0.436825E-11 -0.133849E-11  0.621730E-13 -0.501159E-36 -0.237246E-36 -0.529152E-35  0.290541E-11  0.146702E-34  0.345896E-36  0.507814E-35  0.621730E-13
   8993.84      0.328694E-11  0.447284E-11 -0.118591E-11  0.674416E-13  0.470435E-35  0.182935E-36 -0.771571E-35  0.315205E-11  0.176794E-34  0.102722E-36  0.112847E-34  0.674416E-13
   8994.50      0.352927E-11  0.456997E-11 -0.104070E-11  0.724034E-13 -0.412630E-35 -0.152340E-36  0.693204E-35  0.338446E-11 -0.394966E-35 -0.512067E-37  0.184318E-34  0.724034E-13
   8995.19      0.375663E-11  0.465909E-11 -0.902453E-12  0.770563E-13  0.842202E-35  0.362458E-36 -0.356820E-35  0.360252E-11 -0.195602E-34 -0.197811E-36  0.963905E-36  0.770563E-13
   8995.91      0.396370E-11  0.474017E-11 -0.776469E-12  0.812908E-13  0.466323E-35  0.102610E-36 -0.290580E-35  0.380112E-11 -0.319734E-35  0.830969E-36  0.122251E-34  0.812908E-13
   8996.68      0.413334E-11  0.481285E-11 -0.679519E-12  0.847558E-13  0.109497E-34 -0.239022E-36 -0.927322E-35  0.396382E-11  0.677085E-35  0.189326E-36  0.554833E-35  0.847558E-13
   8997.48      0.435765E-11  0.487709E-11 -0.519436E-12  0.893400E-13  0.428533E-35 -0.466503E-37  0.952113E-35  0.417897E-11  0.117549E-35  0.589943E-37 -0.105794E-35  0.893400E-13
   8998.32      0.482139E-11  0.493281E-11 -0.111417E-12  0.988294E-13  0.234351E-34 -0.224630E-36 -0.138440E-34  0.462373E-11  0.479602E-35 -0.248141E-36 -0.143410E-35  0.988294E-13
   8999.20      0.558435E-11  0.498037E-11  0.603977E-12  0.114447E-12 -0.130479E-34  0.259592E-36 -0.189857E-34  0.535545E-11  0.176794E-34  0.146850E-36  0.686489E-35  0.114447E-12
   9000.11      0.633587E-11  0.501987E-11  0.131601E-11  0.129823E-12  0.203755E-34  0.232772E-36 -0.209084E-34  0.607623E-11  0.362052E-35 -0.209477E-36 -0.554833E-35  0.129823E-12
   9001.07      0.661878E-11  0.505161E-11  0.156716E-11  0.135592E-12  0.888554E-35  0.316918E-37 -0.119441E-35  0.634759E-11 -0.601853E-35 -0.132217E-36 -0.126013E-34  0.135592E-12
   9002.06      0.637997E-11  0.507621E-11  0.130377E-11  0.130671E-12  0.307075E-34  0.172351E-36 -0.639855E-35  0.611863E-11 -0.808740E-35  0.588251E-36 -0.811091E-36  0.130671E-12
   9003.08      0.585761E-11  0.509394E-11  0.763671E-12  0.119946E-12 -0.668217E-36 -0.214424E-36 -0.764489E-35  0.561772E-11 -0.300927E-35  0.528618E-36 -0.357350E-35  0.119946E-12
   9004.15      0.535795E-11  0.510551E-11  0.252440E-12  0.109689E-12  0.225984E-35  0.203836E-36  0.565480E-35  0.513858E-11 -0.752316E-35  0.114222E-37 -0.846356E-35  0.109689E-12
   9005.25      0.515488E-11  0.511143E-11  0.434534E-13  0.105507E-12  0.708829E-35 -0.314274E-37  0.193984E-35  0.494387E-11  0.105324E-34 -0.268646E-36  0.300927E-35  0.105507E-12
   9006.39      0.532212E-11  0.511028E-11  0.211835E-12  0.108903E-12  0.105995E-34  0.979427E-37  0.339726E-35  0.510431E-11  0.818144E-35 -0.155930E-36  0.235099E-35  0.108903E-12
   9007.56      0.566576E-11  0.509770E-11  0.568064E-12  0.115905E-12  0.244385E-34  0.129829E-36 -0.162658E-34  0.543395E-11  0.404370E-35 -0.985027E-37  0.103444E-34  0.115905E-12
   9008.78      0.588345E-11  0.507744E-11  0.806011E-12  0.120326E-12  0.941963E-35 -0.885774E-38 -0.181335E-34  0.564280E-11 -0.423178E-35 -0.561397E-37  0.329138E-35  0.120326E-12
   9010.03      0.586788E-11  0.508089E-11  0.786997E-12  0.119975E-12 -0.918370E-35 -0.210119E-36 -0.108388E-34  0.562793E-11 -0.620661E-35 -0.686163E-37 -0.347946E-35  0.119975E-12
   9011.32      0.568122E-11  0.513010E-11  0.551127E-12  0.116127E-12  0.889536E-35 -0.134700E-37  0.200829E-35  0.544897E-11  0.432582E-35  0.262068E-37 -0.479602E-35  0.116127E-12
   9012.64      0.541226E-11  0.517111E-11  0.241149E-12  0.110597E-12  0.634828E-36 -0.476888E-36  0.225520E-35  0.519106E-11  0.526621E-35 -0.493051E-36 -0.277417E-35  0.110597E-12
   9014.00      0.512998E-11  0.519444E-11 -0.644616E-13  0.104798E-12  0.109594E-34 -0.320226E-36 -0.142628E-34  0.492038E-11  0.103444E-34 -0.721879E-37 -0.733508E-35  0.104798E-12
   9015.40      0.489671E-11  0.520836E-11 -0.311646E-12  0.100002E-12  0.602610E-35  0.666628E-37 -0.227417E-35  0.469671E-11  0.733508E-35  0.335039E-37  0.978011E-35  0.100002E-12
   9016.84      0.476126E-11  0.521900E-11 -0.457741E-12  0.972057E-13 -0.124715E-35 -0.108633E-36 -0.398168E-35  0.456685E-11 -0.489006E-35  0.413924E-36  0.225695E-35  0.972057E-13
   9018.32      0.473109E-11  0.522394E-11 -0.492849E-12  0.965588E-13  0.203669E-35 -0.270395E-37 -0.114344E-35  0.453797E-11 -0.441986E-35  0.136460E-36 -0.630065E-35  0.965588E-13
   9019.83      0.479330E-11  0.522743E-11 -0.434130E-12  0.977965E-13 -0.587539E-35 -0.356987E-37 -0.108763E-34  0.459771E-11 -0.451390E-35 -0.731068E-39 -0.846356E-35  0.977965E-13
   9021.38      0.492590E-11  0.522812E-11 -0.302227E-12  0.100468E-12 -0.218423E-35 -0.123521E-36 -0.433950E-35  0.472496E-11 -0.253907E-35  0.198647E-36  0.202185E-35  0.100468E-12
   9022.97      0.509499E-11  0.523252E-11 -0.137532E-12  0.103881E-12  0.289534E-35 -0.137796E-36 -0.518323E-36  0.488723E-11  0.630065E-35 -0.517595E-36 -0.620661E-35  0.103881E-12
   9024.59      0.525407E-11  0.523504E-11  0.190360E-13  0.107087E-12  0.175173E-35  0.138974E-36 -0.109589E-35  0.503990E-11  0.352648E-35 -0.144367E-36 -0.818144E-35  0.107087E-12
   9026.25      0.539382E-11  0.523816E-11  0.155663E-12  0.109896E-12  0.239965E-35  0.202185E-36 -0.759777E-35  0.517403E-11  0.432582E-35  0.359656E-37 -0.115198E-35  0.109896E-12
   9027.95      0.551929E-11  0.523481E-11  0.284475E-12  0.112411E-12 -0.128075E-35  0.937788E-38 -0.458371E-35  0.529446E-11 -0.103444E-34  0.127078E-36 -0.282119E-35  0.112411E-12
   9029.69      0.562590E-11  0.523338E-11  0.392521E-12  0.114539E-12  0.733473E-35  0.106888E-36 -0.136260E-34  0.539682E-11  0.573053E-37 -0.478782E-37  0.489006E-35  0.114539E-12
   9031.46      0.566821E-11  0.523608E-11  0.432137E-12  0.115356E-12  0.228954E-35 -0.254233E-36 -0.674536E-35  0.543750E-11  0.109086E-34  0.134513E-36 -0.545429E-35  0.115356E-12
   9033.27      0.559491E-11  0.523727E-11  0.357645E-12  0.113820E-12  0.105569E-34  0.220999E-37 -0.365903E-35  0.536727E-11  0.789932E-35 -0.212666E-36  0.272715E-35  0.113820E-12
   9035.12      0.541690E-11  0.523926E-11  0.177636E-12  0.110154E-12  0.217733E-35  0.119648E-36 -0.272816E-35  0.519659E-11  0.639469E-35 -0.296267E-36 -0.822846E-36  0.110154E-12
   9037.00      0.518690E-11  0.524125E-11 -0.543521E-13  0.105434E-12 -0.238843E-35  0.153639E-36 -0.248354E-36  0.497603E-11  0.148112E-35 -0.328538E-37 -0.752316E-35  0.105434E-12
   9038.93      0.496287E-11  0.523839E-11 -0.275528E-12  0.100839E-12 -0.189960E-35 -0.265446E-36 -0.194574E-35  0.476119E-11  0.190430E-35 -0.113743E-36 -0.152814E-35  0.100839E-12
   9040.89      0.479116E-11  0.523920E-11 -0.448042E-12  0.973085E-13 -0.177525E-34  0.225911E-37  0.102929E-34  0.459654E-11  0.611257E-35  0.959993E-37 -0.837540E-37  0.973085E-13
   9042.89      0.468683E-11  0.524339E-11 -0.556552E-12  0.951485E-13 -0.148884E-34 -0.305269E-37  0.379294E-35  0.449654E-11 -0.340893E-36 -0.117101E-36 -0.315032E-35  0.951485E-13
   9044.92      0.465514E-11  0.524713E-11 -0.591989E-12  0.944631E-13 -0.151878E-34  0.255325E-36 -0.218449E-35  0.446621E-11  0.272715E-35 -0.287941E-36  0.185140E-36  0.944631E-13
   9046.99      0.469417E-11  0.525060E-11 -0.556427E-12  0.952125E-13 -0.157431E-34 -0.185095E-36  0.316797E-35  0.450375E-11  0.225695E-35 -0.481047E-36  0.789932E-35  0.952125E-13
   9049.10      0.478802E-11  0.525516E-11 -0.467144E-12  0.970723E-13  0.298477E-35 -0.198999E-36 -0.202943E-35  0.459388E-11 -0.277417E-35 -0.559648E-37 -0.115198E-35  0.970723E-13
