   1.5073304634542688E-004   4.3675455918738788E-006   3.0841100144222882E-006   3.4271739630660860E-006   474.48626846872969     
   1.5846129489165505E-004   4.6711848370701117E-008   5.5901655870416156E-006   3.7855049045829785E-006   371.45305395790393     
   1.6658577921391449E-004   4.7956817676529228E-006   2.8806104085328825E-006   3.2813345564868684E-006   391.44348839758607     
   1.7512681475486631E-004   2.3491780547661927E-007   5.5488229141481825E-006   3.6864495105008754E-006   305.79717850814257     
   1.8410575855218897E-004   5.3518450160347317E-006   2.6696567372493683E-006   3.1334014019761638E-006   326.41423556584920     
   1.9354506264229938E-004   5.6796124806375949E-007   5.5092299895399564E-006   3.5887368182367139E-006   255.69307684390085     
   2.0346833020213646E-004   5.9409299711172841E-006   2.4503684233906404E-006   2.9811336234847110E-006   272.58772750002396     
   2.1390037456939866E-004   8.9876324417187129E-007   5.4718374756153647E-006   3.4911970553019915E-006   213.70781897333364     
   2.2486728128881411E-004   6.7024447354996136E-006   2.2218082437958332E-006   2.8235339241002819E-006   230.67528769546979     
   2.3639647333958716E-004   1.4258974269318662E-006   5.4369697122559116E-006   3.3937864957102603E-006   182.10839733279474     
   2.4851677970713350E-004   7.5238904243615087E-006   1.9833830726827441E-006   2.6600594276373834E-006   195.71712210243726     
   2.6125850747055727E-004   1.9736493933125500E-006   5.4062025774237337E-006   3.2967415382426722E-006   155.31009187082554     
   2.7465351758613609E-004   8.5797927088931495E-006   1.7342755750424953E-006   2.4904136590867324E-006   168.74100832994392     
   2.8873530455630913E-004   2.7893776371007952E-006   5.3805014062475113E-006   3.2008819785898693E-006   135.53718191833653     
   3.0353908018337597E-004   9.7379396518007573E-006   1.4740109297180171E-006   2.3144931796752584E-006   146.03466386461827     
   3.1910186161734775E-004   3.6642096315177899E-006   5.3625365460796983E-006   3.1074072075604932E-006   118.50887730808401     
   3.3546256391809968E-004   1.1217713048726932E-005   1.2015247994524885E-006   2.1322426172740283E-006   128.71119583384242     
   3.5266209736329235E-004   4.9071392060081393E-006   5.3538442686534871E-006   3.0178201417006888E-006   106.26933561529435     
   3.7074346974537675E-004   1.2865128721040103E-005   9.1634082870733466E-007   1.9434676876142745E-006   113.94955437601232     
   3.8975189391347344E-004   6.2715942654657445E-006   5.3581474083764786E-006   2.9339412776145416E-006   95.495730120731821     
   4.0973490082904897E-004   1.4956971942357683E-005   6.1696896536876612E-007   1.7480443725752731E-006   102.83528344726868     
   4.3074245841807571E-004   8.1446204077539812E-006   5.3774756882119273E-006   2.8579366247665251E-006   88.003289343002479     
   4.5282709651687429E-004   1.7316224406949279E-005   3.0277673502355416E-007   1.5455908717338174E-006   93.203571583712460     
   4.7604403822406645E-004   1.0237430663936076E-005   5.4168918171866107E-006   2.7922866685492736E-006   81.193028368709278     
   5.0045133798708413E-004   2.0293592490258350E-005  -2.8476403926443850E-008   1.3354577105936560E-006   86.055332447558200     
   5.2611002676852998E-004   1.3036631574566678E-005   5.4785158665626263E-006   2.7397937699285931E-006   76.642141492337885     
   5.5308426465537186E-004   2.3688881266717117E-005  -3.7741552006190408E-007   1.1166650019787909E-006   79.716034847443524     
   5.8144150129257964E-004   1.6207316301829474E-005   5.5685009560650096E-006   2.7036418754300702E-006   72.303973843451928     
   6.1125264454237212E-004   2.7948380103161051E-005  -7.4709471509722372E-007   8.8785566860469017E-007   75.079175053221803     
   6.4259223779080342E-004   2.0363402477740170E-005   5.6890019803505582E-006   2.6875010312463444E-006   69.530862932648631     
   6.7553864634506064E-004   3.2850361224519770E-005  -1.1383290802161122E-006   6.4708550543714476E-007   70.838409876972506     
   7.1017425338754689E-004   2.5121209718354108E-005   5.8477382634943813E-006   2.6953651461030857E-006   66.703646011852456     
   7.4658566597675055E-004   3.8965369790631842E-005  -1.5553763462190621E-006   3.9186379034498355E-007   67.773176940191192     
   7.8486393161000324E-004   3.1258053036039839E-005   6.0464412463391284E-006   2.7317431761051299E-006   64.968224711398904     
   8.2510476588964468E-004   4.6054924302828154E-005  -1.9990976391900976E-006   1.1904092768138630E-007   64.858106874200288     
   8.6740879186188928E-004   3.8341239773827222E-005   6.2947333571863649E-006   2.8017264454276321E-006   63.038555513024370     
   9.1188179162685057E-004   5.4851446710198997E-005  -2.4754020807179663E-006  -1.7545876662007469E-007   62.761485570184213     
   9.5863497084889215E-004   4.7358299306628896E-005   6.5935662834963618E-006   2.9109215284636155E-006   61.877267701406929     
   1.0077852368287135E-003   6.5108752702580373E-005  -2.9849960984730995E-006  -4.9655084048356096E-007   60.673398845390764     
   1.0594554908324924E-003   5.7830761197503637E-005   6.9552303849828539E-006   3.0660439041811032E-006   60.459358798745299     
   1.1137749354090728E-003   7.7770054624831726E-005  -3.5358787059150925E-006  -8.5026180287179115E-007   59.159388681844746     
   1.1708793974636322E-003   7.1016669119095701E-005   7.3794774508217443E-006   3.2744937596299465E-006   59.587487294618626     
   1.2309116678956896E-003   9.2596961454768169E-005  -4.1281942596380896E-006  -1.2438075434716557E-006   57.576635509425195     
   1.2940218586507430E-003   8.6400180061089573E-005   7.8824473130308236E-006   3.5450227433911454E-006   58.441901635225655     
   1.3603677780783068E-003   1.1080690816900134E-004  -4.7728488373874230E-006  -1.6861710020285540E-006   56.398150947824170     
   1.4301153255349970E-003   1.0558688070483662E-004   8.4621197324600692E-006   3.8871191260464553E-006   57.687042869023017     
   1.5034389062193320E-003   1.3219260982408058E-004  -5.4687301050707926E-006  -2.1872652836394376E-006   55.111807872701256     
   1.5805218672755657E-003   1.2803901410412798E-004   9.1403138581362889E-006   4.3129385059087690E-006   56.666082638694299     
   1.6615569562570659E-003   1.5832637370171443E-004  -6.2300817333736207E-006  -2.7601734735713509E-006   54.109655467478987     
   1.7467468030955748E-003   1.5580578457391814E-004   9.9128519065948359E-006   4.8357767868642190E-006   55.925533553617832     
   1.8363044267815996E-003   1.8906397470169539E-004  -7.0533467023052657E-006  -3.4195735674090294E-006   52.981705370728100     
   1.9304537680228399E-003   1.8835015511646153E-004   1.0810233733411501E-005   5.4720290423424219E-006   54.937915841789341     
   2.0294302492125955E-003   2.2643309554520367E-004  -7.9567616679854557E-006  -4.1828791690154731E-006   52.051030732399191     
   2.1334813631083945E-003   2.2828391966598648E-004   1.1825123650169908E-005   6.2404374641444004E-006   54.150093475464992     
   2.2428672916927758E-003   2.7039345218963210E-004  -8.9320366819847408E-006  -5.0708366893717376E-006   50.988572376445326     
   2.3578615567637876E-003   2.7509818207928480E-004   1.3001630700356189E-005   7.1634000775471689E-006   53.137695441311145     
   2.4787517038819479E-003   3.2354694250845536E-004  -1.0001774957705732E-005  -6.1080551631551562E-006   50.058342869532574     
   2.6058400213839102E-003   3.3210643692001073E-004   1.4328764763828497E-005   8.2670090330680208E-006   52.264066763052369     
   2.7394442962607869E-003   3.8600299968028629E-004  -1.1148071191380786E-005  -7.3231050204425521E-006   48.996156695248970     
   2.8798986087911226E-003   3.9885579782318018E-004   1.5872139978773913E-005   9.5830583347997724E-006   51.187841808481245     
   3.0275541679156293E-003   4.6106739563573620E-004  -1.2397255094011254E-005  -8.7505981926757552E-006   48.016098792375963     
   3.1827801894424670E-003   4.7951120920425479E-004   1.7617846680223410E-005   1.1147751625879143E-005   50.202643343913991     
   3.3459648192790685E-003   5.4903846960399996E-004  -1.3713205288271592E-005  -1.0429792267352085E-005   46.906314937538511     
   3.5175161039991141E-003   5.7369052597389114E-004   1.9665687422952365E-005   1.3005813154658715E-005   49.034319421923122     
   3.6978630111714683E-003   6.5405035318856302E-004  -1.5122330288944505E-005  -1.2409484199694424E-005   45.839224960536789     
   3.8874565020025746E-003   6.8654810385578068E-004   2.2003053211956230E-005   1.5207539278589444E-005   47.918639544124858     
   4.0867706589743525E-003   7.7659408870938752E-004  -1.6554092093825341E-005  -1.4743686608178498E-005   44.645324329143833     
   4.2963038712973290E-003   8.1774034283539165E-004   2.4787659730740658E-005   1.7815926974184855E-005   46.636285321435231     
   4.5165800811433031E-003   9.2171583228606063E-004  -1.8024241475461828E-005  -1.7500496759631191E-005   43.462853532502471     
   4.7481500937736308E-003   9.7349587722858676E-004   2.8017845601974475E-005   2.0900327486010986E-005   45.375409760197279     
   4.9915929548393252E-003   1.0900146120335923E-003  -1.9397770441724775E-005  -2.0754206066685669E-005   42.156671180237915     
   5.2475173982967794E-003   1.1533709748783589E-003   3.1951030112691765E-005   2.4550405523214832E-005   43.961671267079197     
   5.5165633685597100E-003   1.2874233769598537E-003  -2.0651422040873538E-005  -2.4599441389566542E-005   40.837478218739342     
   5.7994036206935832E-003   1.3646252498740314E-003   3.6625107966308849E-005   2.8860743103023825E-005   42.544747568624572     
   6.0967454026536255E-003   1.5143925724899175E-003  -2.1525890882043756E-005  -2.9137668151225877E-005   39.398547317819713     
   6.4093322237731599E-003   1.6063669390388737E-003   4.2477021134682010E-005   3.3958612672448930E-005   40.987374632983645     
   6.7379457139241945E-003   1.7774898196186223E-003  -2.1901208255321536E-005  -3.4500684507343194E-005   37.928469499314495     
   7.0834075779992126E-003   1.8865856500192857E-003   4.9647352329352482E-005   3.9972805982322247E-005   39.408553162445720     
   7.4465816506014745E-003   2.0764559114379096E-003  -2.1276476037456037E-005  -4.0823356835558442E-005   36.344672426392421     
   7.8283760560813945E-003   2.2032441215041609E-003   5.8900394761977781E-005   4.7085437805673917E-005   37.702164318887249     
   8.2297454793205001E-003   2.4178432473493097E-003  -1.9310076584683883E-005  -4.8288335785317123E-005   34.718431764575776     
   8.6516935529408878E-003   2.5643152457918259E-003   7.0618786567066587E-005   5.5473142099354055E-005   35.963210056226828     
   9.0952753669095530E-003   2.7996278077052567E-003  -1.5035331473803803E-005  -5.7069061864863999E-005   32.988120121790026     
   9.5616001068128485E-003   2.9653822683064187E-003   8.6167369079161619E-005   6.5397895949853368E-005   34.112283715219874     
   1.0051833827398250E-002   3.2271016770301173E-003  -7.6359533846205555E-006  -6.7413663026517410E-005   31.212227113241823     
   1.0567202368318563E-002   3.4129832661976248E-003   1.0645434303300594E-004   7.7105642579022057E-005   32.226117443408761     
   1.1108994419369571E-002   3.6947114919653849E-003   4.7352032393945128E-006  -7.9533353316561703E-005   29.347532553331828     
   1.1678564742885790E-002   3.8983499853986817E-003   1.3395626369160497E-004   9.0985956308194156E-005   30.248781456707462     
   1.2277337561351921E-002   4.2044412126239728E-003   2.3870091180181583E-005  -9.3747203284431723E-005   27.443874486631390     
   1.2906810118700974E-002   4.4243436417828576E-003   1.7066493417179391E-004   1.0739594247299182E-004   28.243943083514338     
   1.3568556424203930E-002   4.7446340963378996E-003   5.3267721600021181E-005  -1.1027163760010168E-004   25.474823156546805     
   1.4264231188312809E-002   4.9750595574611011E-003   2.2108039585614725E-004   1.2695142753680816E-004   26.176444947532495     
   1.4995573960298693E-002   5.3110960293536180E-003   9.6614091177378344E-005  -1.2946688771236025E-004   23.484951796140109     
   1.5764413478030960E-002   5.5466708317250752E-003   2.8930242276699092E-004   1.5022405288244220E-004   24.101257389450829     
   1.6572672240774574E-002   5.8828956961217444E-003   1.6040990878054298E-004  -1.5143332078361132E-004   21.463279429073054     
   1.7422371316439582E-002   6.1129269183065882E-003   3.8343002207918042E-004   1.7828232561615631E-004   22.001811643564938     
   1.8315635395303648E-002   6.4464569061355665E-003   2.5184284774555020E-004  -1.7641357718732961E-004   19.451760139624302     
   1.9254698102844373E-002   6.6602114060807811E-003   5.1144226212732091E-004   2.1219572447920954E-004   19.927650939618648     
   2.0241907584966551E-002   6.9687518391539733E-003   3.8264895525622717E-004  -2.0400573480405945E-004   17.453268457944930     
   2.1279732379589938E-002   7.1495379814854867E-003   6.8758161743365156E-004   2.5407300306269079E-004   17.878407626735935     
   2.2370767589279892E-002   7.4248462368212463E-003   5.6610209048721881E-004  -2.3376911362463424E-004   15.508754534847107     
   2.3517741370355512E-002   7.5561853045028864E-003   9.2648230826855539E-004   3.0630170128668419E-004   15.900042136948423     
   2.4723521754701414E-002   7.7694846422237474E-003   8.2253432915345372E-004  -2.6365207537207947E-004   13.632579881222535     
   2.5991123821341430E-002   7.8296176512389522E-003   1.2522225713152784E-003   3.7360308584789029E-004   14.005134931738612     
   2.7323717235706597E-002   7.9687013996868877E-003   1.1749387765870461E-003  -2.9079227627595259E-004   11.864460388648181     
   2.8724634175449733E-002   7.9380718252247268E-003   1.6898221407889422E-003   4.6202310074141233E-004   12.236011826291808     
   3.0197377662625272E-002   7.9716560980752898E-003   1.6565255475131451E-003  -3.0825539315170369E-004   10.226490052461338     
   3.1745630323068923E-002   7.8287217372312746E-003   2.2776134830495886E-003   5.8314457680865137E-004   10.613487619984477     
   3.3373263594880617E-002   7.7467787385568972E-003   2.3039633873700414E-003  -3.0571256851162133E-004   8.7548758869982120     
   3.5084347409036189E-002   7.4771482623303886E-003   3.0545900597869773E-003   7.5322307084883984E-004   9.1739074165170198     
   3.6883160366334787E-002   7.2562104840910874E-003   3.1670358166888788E-003  -2.6252261700265064E-004   7.4739343074877711     
   3.8774200436129516E-002   6.8506236390103656E-003   4.0764058219913005E-003   1.0020238338009533E-003   7.9399489456686041     
   4.0762196203593573E-002   6.4958719443769858E-003   4.2976325091115394E-003  -1.4711045259814889E-004   6.4119763919635213     
   4.2852118693646413E-002   5.9606566508436619E-003   5.3959984368731175E-003   1.3735536005529806E-003   6.9376235825577410     
   4.5049193801105177E-002   5.4741320003162631E-003   5.7608426914799839E-003   9.7936171497714432E-005   5.5886164860575347     
   4.7358915358143815E-002   4.8312290794405412E-003   7.0827471541311301E-003   1.9448584338448247E-003   6.1840439866970573     
   4.9787058871735207E-002   4.2520265127125268E-003   7.6165701445167428E-003   5.6110566515152804E-004   5.0188718471198168     
   5.2339695965426716E-002   3.5485152235188553E-003   9.1923572138980277E-003   2.8323967154510964E-003   5.6898796097362316     
   5.5023209561561898E-002   2.9245674090470752E-003   9.9303333399656229E-003   1.3939367399754261E-003   4.7110160057233728     
   5.7844309841910892E-002   2.2322116133569768E-003   1.1787829376650577E-002   4.2317172831359525E-003   5.4602273830502961     
   6.0810051026620092E-002   1.6512022284368123E-003   1.2743225241906044E-002   2.8286519362755594E-003   4.6627081217786799     
   6.3927849013436913E-002   1.0696160236165412E-003   1.4893721595306338E-002   6.4386061037811455E-003   5.4875217412723369     
   6.7205499921316733E-002   6.3255616535556067E-004   1.6080505466630327E-002   5.2446303804967705E-003   4.8674774917055208     
   7.0651199584781429E-002   2.8244134799304619E-004   1.8517864198616719E-002   9.9299823716816598E-003   5.7625442725610814     
   7.4273564047774465E-002   1.1414672531055463E-004   1.9906696788946951E-002   9.2134594047120020E-003   5.3063321870923748     
   7.8081651108258682E-002   1.2598304122652060E-004   2.2587393893609406E-002   1.5416605101679005E-002   6.2621312456385807     
   8.2084982967429360E-002   3.4749248981994564E-004   2.4133315315107175E-002   1.5628939984123937E-002   5.9611624098225668     
   8.6293570040176709E-002   8.4207935336761254E-004   2.6974749785128024E-002   2.3997322358257071E-002   6.9676012272521612     
   9.0717935986337761E-002   1.5504093286756238E-003   2.8562891843931758E-002   2.5801084085119028E-002   6.8042590960299059     
   9.5369144025327257E-002   2.6085426518519740E-003   3.1422228913891050E-002   3.7264677290346611E-002   7.8500995497661270     
  0.10025882459994871        3.8509619572368319E-003   3.2908055801945869E-002   4.1686222957299658E-002   7.8162656140200557     
  0.10539920445855964        5.4837237157907706E-003   3.5588330108289053E-002   5.7567609463382505E-002   8.8929084131927691     
  0.11080313722831070        7.2098044188995472E-003   3.6743895618142640E-002   6.6041229674792257E-002   8.9739045715562096     
  0.11648413555590921        9.3213580778567454E-003   3.8985990297024417E-002   8.8172998775699674E-002   10.074932906535029     
  0.12245640489627406        1.1380873934931051E-002   3.9568676691873118E-002  0.10276887933087719        10.268612598098304     
  0.12873487903357234        1.3753560878394321E-002   4.1083124054075187E-002  0.13363656319425612        11.392059824418824     
  0.13533525742345850        1.5850887255089520E-002   4.0803330218218532E-002  0.15708126114939333        11.690685807648560     
  0.14227404444989064        1.8140375032241890E-002   4.1296809031262240E-002  0.19994104542365659        12.837079037746218     
  0.14956859069468770        1.9900441466497876E-002   3.9932205801489075E-002  0.23588042724169614        13.243734866655291     
  0.15723713632302108        2.1681913502276530E-002   3.9181024947969989E-002  0.29485332080478066        14.414998168932046     
  0.16529885669332869        2.2655823841900288E-002   3.6581550036888226E-002  0.34772023189106394        14.923240769240106     
  0.17377391030569905        2.3496574066309357E-002   3.4499061586602264E-002  0.42776985335066936        16.118033263853750     
  0.18268348920862110        2.3326792685314197E-002   3.0736397790275469E-002  0.50293718689826061        16.723957425938448     
  0.19204987199014462        2.2913470767359882E-002   2.7469141363342869E-002  0.60971244019448800        17.933334827883122     
  0.20189647948595435        2.1398139752408459E-002   2.2852229053943841E-002  0.71294472459879066        18.614668162976077     
  0.21224793334365866        1.9665332630583388E-002   1.8840265350358452E-002  0.85235813555980922        19.816582816516540     
  0.22313011758973345        1.6958595552879714E-002   1.4023966448533067E-002  0.98959677904267618        20.542436803231961     
  0.23457024335307022        1.4207740195049237E-002   1.0031628548147624E-002   1.1671243690600794        21.697921817783815     
  0.24659691690697286        1.0833170102934985E-002   5.9498315448668288E-003   1.3432148549387508        22.412739099199865     
  0.25924021119974061        7.7667916818606325E-003   3.0063830652546195E-003   1.5628407282674954        23.465081129017999     
  0.27253174105270328        4.6586745869926852E-003   8.0794676344115505E-004   1.7808158104359084        24.101984292503005     
  0.28650474221374228        2.2965691269158563E-003   5.3358661785534189E-005   2.0437076556027987        24.979660113685071     
  0.30119415446397091        5.8671162334769525E-004   8.6031117412241765E-004   2.3028310380546446        25.455351952063690     
  0.31663670898538815        3.5097848840224699E-005   3.2894187351747177E-003   2.6059290291796269        26.081087335101795     
  0.33287102020796505        7.8616478464204307E-004   7.9121162381301444E-003   2.9009888920259295        26.316539887534386     
  0.34993768236583300        2.8859675515851319E-003   1.4052917162031069E-002   3.2357675715807055        26.619024547927960     
  0.36787937100401435        6.6944573646195620E-003   2.2672678360387128E-002   3.5553235262848788        26.544245521687156     
  0.38674094968951223        1.1653998018245626E-002   3.2296370376885167E-002   3.9071651537575858        26.472998654240385     
  0.40656958219359818        1.8303166601053109E-002   4.4190740417316368E-002   4.2341534808418100        26.048546964462595     
  0.42741485042580590        2.5435284493663470E-002   5.6135771178300937E-002   4.5825368872298800        25.585111010636961     
  0.44932887841453123        3.3781355532790408E-002   6.9663952101086349E-002   4.8941051735896481        24.805373327450198     
  0.47236646264425380        4.1512254593733769E-002   8.1909367744710054E-002   5.2141440248842130        23.971605707522681     
  0.49658520907528836        4.9589292724744605E-002   9.4647634233069391E-002   5.4849179548194433        22.875297180332431     
  0.52204567718869588        5.5792235641536195E-002  0.10465307779379467        5.7502257477189485        21.733323649552904     
  0.54881153141652461        6.1398500184729282E-002  0.11397481327553367        5.9547305225977762        20.395148625729867     
  0.57694970033605397        6.4032587036208080E-002  0.11928846428872104        6.1416942391209401        19.040875474949605     
  0.60653054402610240        6.5348899685037265E-002  0.12293492376585928        6.2600089068456297        17.564663642935503     
  0.63762803000386636        6.3200339282341533E-002  0.12188473414862977        6.3519400634578318        16.111720342820313     
  0.67031991818224934        5.9609258987091684E-002  0.11875799116711405        6.3721939345023753        14.608650004333111     
  0.70468795531014050        5.2858756936043659E-002  0.11102939017631738        6.3626347059119954        13.169832017780374     
  0.74081807938186928        4.5215236502787810E-002  0.10150075070899062        6.2844581090076508        11.742437019681976     
  0.77880063452695869        3.5606704312092126E-002   8.8385272160397099E-002   6.1778280622129946        10.411192458506184     
  0.81873059691749817        2.6284876627877062E-002   7.4482412188769109E-002   6.0105904113174384        9.1356855103491235     
  0.86070781225805559        1.6781631107030598E-002   5.8722866623709326E-002   5.8210118150722181        7.9756197357180936     
  0.90483724545193578        9.0277988029070187E-003   4.3679128801617485E-002   5.5828614918830892        6.8972207395719973     
  0.95122924306811707        3.1172002096405238E-003   2.8998858804380561E-002   5.3307525925892874        5.9387760583050175     
  0.99999980926515564        3.3056181164701543E-004   1.6780610950230496E-002   5.0436835914042648        5.0708788208760476     
   1.0512708958619938        1.1619233543719307E-003   7.2370392944210646E-003   4.7524952225197179        4.3163099503812035     
   1.1051707072810442        6.0372739109095293E-003   1.8288638050336589E-003   4.4403038528478893        3.6489293719011120     
   1.1618340211260101        1.5723373284073153E-002   1.2405503514528796E-003   4.1329656368595611        3.0801951664654252     
   1.2214025251961040        2.9695689037476363E-002   6.1951412078264734E-003   3.8171535208752907        2.5875824050020229     
   1.2840251717793534        4.8925405167312315E-002   1.7753418949352132E-002   3.5142471702676379        2.1758540882904809     
   1.3498585501108922        7.2035727794692292E-002   3.5955548651048538E-002   3.2136734588542155        1.8261331939384053     
   1.4190672779276288       0.10011071970232316        6.2181028738419748E-002   2.9318787279158660        1.5390504348991458     
   1.4918244130983194       0.13114800635918214        9.5941732839894323E-002   2.6608879897936082        1.2996659228267806     
   1.5683118863583871       0.16642684181082451       0.13901506587865317        2.4132430886871918        1.1069163067398227     
   1.6487209562315333       0.20365301148260667       0.19069396936596164        2.1831361952459951       0.94944085151304192     
   1.7332526872756489       0.24419560255022305       0.25317843164902193        1.9793875386613140       0.82539624261160649     
   1.8221184528489625       0.28586496362087604       0.32597134664525534        1.7987224545485601       0.72678171931878666     
   1.9155404636535147       0.33026159847184100       0.41200068630083753        1.6478199763989663       0.65193072502415350     
   2.0137523233776657       0.37569007455403897       0.51159404717709678        1.5264022671104418       0.59563432280608408     
   2.1169996128270059       0.42386831281816784       0.62869653987629825        1.4402809471820979       0.55655112286516684     
   2.2255405040042664       0.47408095315166626       0.76540882860450199        1.3937155516533914       0.53188656687903968     
   2.3396464056738120       0.52852789461593752       0.92776548307188311        1.3946921423340595       0.52102561711241446     
   2.4596026420249339       0.58813621101768909        1.1214443039630442        1.4549663301243252       0.52326456066677551     
   2.5857091661309148       0.65590234684305604        1.3564225534764824        1.5891156771783703       0.53881197517709800     
   2.7182813099879839       0.73575197591689123        1.6458432158653651        1.8228293027888431       0.56915462751213708     
   2.8576505730095247       0.83237817975834727        2.0064966105186879        2.1877266545300720       0.61569717849048522     
   3.0041654509472928       0.95235076817584929        2.4609738183648178        2.7300846562365595       0.68088654271218019     
   3.1581923073123357        1.1055042959782349        3.0416775637992903        3.5176534370887311       0.76867321670818445     
   3.3201162894745604        0.0000000000000000        0.0000000000000000        0.0000000000000000        0.0000000000000000     
   3.4903422917318205        0.0000000000000000        0.0000000000000000        0.0000000000000000        0.0000000000000000     
   3.6692959677565180        0.0000000000000000        0.0000000000000000        0.0000000000000000        0.0000000000000000     
   3.8574247949515148        0.0000000000000000        0.0000000000000000        0.0000000000000000        0.0000000000000000     
   4.0551991933767413        0.0000000000000000        0.0000000000000000        0.0000000000000000        0.0000000000000000     
   4.2631137020443308        0.0000000000000000        0.0000000000000000        0.0000000000000000        0.0000000000000000     
   4.4816882155237971        0.0000000000000000        0.0000000000000000        0.0000000000000000        0.0000000000000000     
   4.7114692839492127        0.0000000000000000        0.0000000000000000        0.0000000000000000        0.0000000000000000     
   4.9530314796792441        0.0000000000000000        0.0000000000000000        0.0000000000000000        0.0000000000000000     
   5.2069788340273639        0.0000000000000000        0.0000000000000000        0.0000000000000000        0.0000000000000000     
   5.4739463476546923        0.0000000000000000        0.0000000000000000        0.0000000000000000        0.0000000000000000     
   5.7546015784024842        0.0000000000000000        0.0000000000000000        0.0000000000000000        0.0000000000000000     
   6.0496463105343823        0.0000000000000000        0.0000000000000000        0.0000000000000000        0.0000000000000000     
   6.3598183095626428        0.0000000000000000        0.0000000000000000        0.0000000000000000        0.0000000000000000     
   6.6858931670462356        0.0000000000000000        0.0000000000000000        0.0000000000000000        0.0000000000000000     
   7.0286862399736565        0.0000000000000000        0.0000000000000000        0.0000000000000000        0.0000000000000000     
   7.3890546895801847        0.0000000000000000        0.0000000000000000        0.0000000000000000        0.0000000000000000     
   7.7678996246973684        0.0000000000000000        0.0000000000000000        0.0000000000000000        0.0000000000000000     
   8.1661683549945003        0.0000000000000000        0.0000000000000000        0.0000000000000000        0.0000000000000000     
   8.5848567597462662        0.0000000000000000        0.0000000000000000        0.0000000000000000        0.0000000000000000     
   9.0250117780495689        0.0000000000000000        0.0000000000000000        0.0000000000000000        0.0000000000000000     
   9.4877340267167067        0.0000000000000000        0.0000000000000000        0.0000000000000000        0.0000000000000000     
   9.9741805523905889        0.0000000000000000        0.0000000000000000        0.0000000000000000        0.0000000000000000     
   10.485567724764062        0.0000000000000000        0.0000000000000000        0.0000000000000000        0.0000000000000000     
   11.023174278137773        0.0000000000000000        0.0000000000000000        0.0000000000000000        0.0000000000000000     
   11.588344508921873        0.0000000000000000        0.0000000000000000        0.0000000000000000        0.0000000000000000     
   12.182491637077383        0.0000000000000000        0.0000000000000000        0.0000000000000000        0.0000000000000000     
   12.807101339902093        0.0000000000000000        0.0000000000000000        0.0000000000000000        0.0000000000000000     
   13.463735466997706        0.0000000000000000        0.0000000000000000        0.0000000000000000        0.0000000000000000     
   14.154035945707449        0.0000000000000000        0.0000000000000000        0.0000000000000000        0.0000000000000000     
   14.879728886789509        0.0000000000000000        0.0000000000000000        0.0000000000000000        0.0000000000000000     
   15.642628900593213        0.0000000000000000        0.0000000000000000        0.0000000000000000        0.0000000000000000     
   16.444643634529918        0.0000000000000000        0.0000000000000000        0.0000000000000000        0.0000000000000000     
   17.287778543185254        0.0000000000000000        0.0000000000000000        0.0000000000000000        0.0000000000000000     
   18.174141903000280        0.0000000000000000        0.0000000000000000        0.0000000000000000        0.0000000000000000     
   19.105950084060524        0.0000000000000000        0.0000000000000000        0.0000000000000000        0.0000000000000000     
   20.085533092175908        0.0000000000000000        0.0000000000000000        0.0000000000000000        0.0000000000000000     
   21.115340395108696        0.0000000000000000        0.0000000000000000        0.0000000000000000        0.0000000000000000     
   22.197947047518841        0.0000000000000000        0.0000000000000000        0.0000000000000000        0.0000000000000000     
   23.336060129942076        0.0000000000000000        0.0000000000000000        0.0000000000000000        0.0000000000000000     
   24.532525517901004        0.0000000000000000        0.0000000000000000        0.0000000000000000        0.0000000000000000     
   25.790334998076592        0.0000000000000000        0.0000000000000000        0.0000000000000000        0.0000000000000000     
   27.112633749332943        0.0000000000000000        0.0000000000000000        0.0000000000000000        0.0000000000000000     
   28.502728207302802        0.0000000000000000        0.0000000000000000        0.0000000000000000        0.0000000000000000     
   29.964094332199064        0.0000000000000000        0.0000000000000000        0.0000000000000000        0.0000000000000000     
   31.500386300525484        0.0000000000000000        0.0000000000000000        0.0000000000000000        0.0000000000000000     
   33.115445642421740        0.0000000000000000        0.0000000000000000        0.0000000000000000        0.0000000000000000     
   34.813310847489355        0.0000000000000000        0.0000000000000000        0.0000000000000000        0.0000000000000000     
   36.598227463119422        0.0000000000000000        0.0000000000000000        0.0000000000000000        0.0000000000000000     
   38.474658710572697        0.0000000000000000        0.0000000000000000        0.0000000000000000        0.0000000000000000     
   40.447296645357056        0.0000000000000000        0.0000000000000000        0.0000000000000000        0.0000000000000000     
