nat, nph =   723    2
    1    8    2
 iat     x       y        z       iph  
 -----------------------------------------------------------------------
   1      0.00000      0.00000      0.00000   0   1
   2      1.57404      0.77056     -0.84514   2   1
   3     -0.11969     -1.74844     -0.84514   2   1
   4     -1.45435      0.97788     -0.84514   2   1
   5      0.00000      1.54112      1.45019   2   1
   6      1.33465     -0.77056      1.45019   2   1
   7     -1.33465     -0.77056      1.45019   2   1
   8      0.00000      0.00000      2.90038   1   1
   9      2.90869      0.00000      0.60505   1   1
  10     -1.45435      2.51900      0.60505   1   1
  11     -1.45435     -2.51900      0.60505   1   1
  12     -2.90869      0.00000     -1.69028   1   1
  13      1.45435      2.51900     -1.69028   1   1
  14      1.45435     -2.51900     -1.69028   1   1
  15      2.90869     -1.54112     -0.84514   2   1
  16     -0.11969      3.28956     -0.84514   2   1
  17     -2.78900     -1.74844     -0.84514   2   1
  18     -1.57404     -0.77056     -3.14048   2   1
  19      0.11969      1.74844     -3.14048   2   1
  20      1.45435     -0.97788     -3.14048   2   1
  21     -2.90869      0.00000      2.29533   1   1
  22      2.90869      0.00000     -2.29533   1   1
  23      1.45435     -2.51900      2.29533   1   1
  24      1.45435      2.51900      2.29533   1   1
  25     -1.45435      2.51900     -2.29533   1   1
  26     -1.45435     -2.51900     -2.29533   1   1
  27      3.02838      1.74844      1.45019   2   1
  28     -3.02838      1.74844      1.45019   2   1
  29      0.00000     -3.49688      1.45019   2   1
  30      0.00000      0.00000     -3.98562   1   1
  31     -1.57404      0.77056      3.74552   2   1
  32      0.11969     -1.74844      3.74552   2   1
  33      1.45435      0.97788      3.74552   2   1
  34      4.24334      0.77056     -0.84514   2   1
  35     -1.45435     -4.06012     -0.84514   2   1
  36     -2.78900      3.28956     -0.84514   2   1
  37     -2.90869      1.54112     -3.14048   2   1
  38      0.11969     -3.28956     -3.14048   2   1
  39      2.78900      1.74844     -3.14048   2   1
  40     -4.48273      0.77056     -0.84514   2   1
  41      1.57404     -4.26744     -0.84514   2   1
  42      2.90869      3.49688     -0.84514   2   1
  43      3.02838     -3.28956      1.45019   2   1
  44     -3.02838     -3.28956      1.45019   2   1
  45      1.33465      4.26744      1.45019   2   1
  46     -1.33465      4.26744      1.45019   2   1
  47      4.36304     -0.97788      1.45019   2   1
  48     -4.36304     -0.97788      1.45019   2   1
  49     -2.90869     -1.54112      3.74552   2   1
  50      0.11969      3.28956      3.74552   2   1
  51      2.78900     -1.74844      3.74552   2   1
  52      0.00000      5.03800      0.00000   1   1
  53      0.00000     -5.03800      0.00000   1   1
  54      4.36304      2.51900      0.00000   1   1
  55      4.36304     -2.51900      0.00000   1   1
  56     -4.36304     -2.51900      0.00000   1   1
  57     -4.36304      2.51900      0.00000   1   1
  58     -4.24334     -0.77056     -3.14048   2   1
  59      1.45435      4.06012     -3.14048   2   1
  60      2.78900     -3.28956     -3.14048   2   1
  61      2.90869      0.00000      4.59067   1   1
  62     -2.90869      0.00000     -4.59067   1   1
  63     -1.45435     -2.51900      4.59067   1   1
  64     -1.45435      2.51900      4.59067   1   1
  65      1.45435      2.51900     -4.59067   1   1
  66      1.45435     -2.51900     -4.59067   1   1
  67      4.48273     -0.77056     -3.14048   2   1
  68     -1.57404      4.26744     -3.14048   2   1
  69     -2.90869     -3.49688     -3.14048   2   1
  70      0.00000     -1.54112     -5.43581   2   1
  71     -1.33465      0.77056     -5.43581   2   1
  72      1.33465      0.77056     -5.43581   2   1
  73     -4.24334      0.77056      3.74552   2   1
  74      1.45435     -4.06012      3.74552   2   1
  75      2.78900      3.28956      3.74552   2   1
  76      0.00000      5.03800      2.90038   1   1
  77      0.00000     -5.03800      2.90038   1   1
  78      4.36304      2.51900      2.90038   1   1
  79      4.36304     -2.51900      2.90038   1   1
  80     -4.36304     -2.51900      2.90038   1   1
  81     -4.36304      2.51900      2.90038   1   1
  82     -5.81738      0.00000      0.60505   1   1
  83      2.90869      5.03800      0.60505   1   1
  84      2.90869     -5.03800      0.60505   1   1
  85      4.48273      0.77056      3.74552   2   1
  86     -1.57404     -4.26744      3.74552   2   1
  87     -2.90869      3.49688      3.74552   2   1
  88     -2.90869      0.00000      5.19572   1   1
  89      1.45435      2.51900      5.19572   1   1
  90      1.45435     -2.51900      5.19572   1   1
  91      5.81738      0.00000     -1.69028   1   1
  92     -2.90869      5.03800     -1.69028   1   1
  93     -2.90869     -5.03800     -1.69028   1   1
  94     -5.81738     -1.54112     -0.84514   2   1
  95      1.57404      5.80856     -0.84514   2   1
  96      4.24334     -4.26744     -0.84514   2   1
  97      1.33465     -5.80856      1.45019   2   1
  98     -1.33465     -5.80856      1.45019   2   1
  99      4.36304      4.06012      1.45019   2   1
 100     -4.36304      4.06012      1.45019   2   1
 101      5.69769      1.74844      1.45019   2   1
 102     -5.69769      1.74844      1.45019   2   1
 103      5.93707     -1.74844     -0.84514   2   1
 104     -4.48273     -4.26744     -0.84514   2   1
 105     -1.45435      6.01588     -0.84514   2   1
 106      5.81738      0.00000      2.29533   1   1
 107     -5.81738      0.00000     -2.29533   1   1
 108     -2.90869     -5.03800      2.29533   1   1
 109     -2.90869      5.03800      2.29533   1   1
 110      2.90869      5.03800     -2.29533   1   1
 111      2.90869     -5.03800     -2.29533   1   1
 112      1.57404     -0.77056      6.04086   2   1
 113     -0.11969      1.74844      6.04086   2   1
 114     -1.45435     -0.97788      6.04086   2   1
 115      0.00000      5.03800     -3.98562   1   1
 116      0.00000     -5.03800     -3.98562   1   1
 117      4.36304      2.51900     -3.98562   1   1
 118      4.36304     -2.51900     -3.98562   1   1
 119     -4.36304     -2.51900     -3.98562   1   1
 120     -4.36304      2.51900     -3.98562   1   1
 121      3.02838     -1.74844     -5.43581   2   1
 122     -3.02838     -1.74844     -5.43581   2   1
 123      0.00000      3.49688     -5.43581   2   1
 124      0.00000      6.57912      1.45019   2   1
 125      5.69769     -3.28956      1.45019   2   1
 126     -5.69769     -3.28956      1.45019   2   1
 127      5.81738      1.54112     -3.14048   2   1
 128     -1.57404     -5.80856     -3.14048   2   1
 129     -4.24334      4.26744     -3.14048   2   1
 130      5.93707      3.28956     -0.84514   2   1
 131     -5.81738      3.49688     -0.84514   2   1
 132     -0.11969     -6.78644     -0.84514   2   1
 133      2.90869      1.54112      6.04086   2   1
 134     -0.11969     -3.28956      6.04086   2   1
 135     -2.78900      1.74844      6.04086   2   1
 136      0.00000      0.00000      6.88600   1   1
 137      0.00000      0.00000     -6.88600   1   1
 138      2.90869      0.00000     -6.28095   1   1
 139     -1.45435      2.51900     -6.28095   1   1
 140     -1.45435     -2.51900     -6.28095   1   1
 141     -5.93707      1.74844     -3.14048   2   1
 142      4.48273      4.26744     -3.14048   2   1
 143      1.45435     -6.01588     -3.14048   2   1
 144      3.02838      3.28956     -5.43581   2   1
 145     -3.02838      3.28956     -5.43581   2   1
 146      1.33465     -4.26744     -5.43581   2   1
 147     -1.33465     -4.26744     -5.43581   2   1
 148      4.36304      0.97788     -5.43581   2   1
 149     -4.36304      0.97788     -5.43581   2   1
 150      5.81738     -1.54112      3.74552   2   1
 151     -1.57404      5.80856      3.74552   2   1
 152     -4.24334     -4.26744      3.74552   2   1
 153     -5.93707     -1.74844      3.74552   2   1
 154      4.48273     -4.26744      3.74552   2   1
 155      1.45435      6.01588      3.74552   2   1
 156     -7.15203      0.77056     -0.84514   2   1
 157      2.90869     -6.57912     -0.84514   2   1
 158      4.24334      5.80856     -0.84514   2   1
 159     -4.48273      5.80856     -0.84514   2   1
 160     -2.78900     -6.78644     -0.84514   2   1
 161      7.27173      0.97788     -0.84514   2   1
 162     -5.81738      0.00000      4.59067   1   1
 163      5.81738      0.00000     -4.59067   1   1
 164      2.90869     -5.03800      4.59067   1   1
 165      2.90869      5.03800      4.59067   1   1
 166     -2.90869      5.03800     -4.59067   1   1
 167     -2.90869     -5.03800     -4.59067   1   1
 168      4.24334     -0.77056      6.04086   2   1
 169     -1.45435      4.06012      6.04086   2   1
 170     -2.78900     -3.28956      6.04086   2   1
 171     -5.93707     -3.28956     -3.14048   2   1
 172      5.81738     -3.49688     -3.14048   2   1
 173      0.11969      6.78644     -3.14048   2   1
 174     -4.48273     -0.77056      6.04086   2   1
 175      1.57404      4.26744      6.04086   2   1
 176      2.90869     -3.49688      6.04086   2   1
 177      7.39142     -0.77056      1.45019   2   1
 178     -7.39142     -0.77056      1.45019   2   1
 179      3.02838      6.78644      1.45019   2   1
 180     -3.02838      6.78644      1.45019   2   1
 181      4.36304     -6.01588      1.45019   2   1
 182     -4.36304     -6.01588      1.45019   2   1
 183     -5.81738      5.03800      0.60505   1   1
 184     -5.81738     -5.03800      0.60505   1   1
 185     -1.45435      7.55700      0.60505   1   1
 186     -1.45435     -7.55700      0.60505   1   1
 187      7.27173      2.51900      0.60505   1   1
 188      7.27173     -2.51900      0.60505   1   1
 189     -5.93707      3.28956      3.74552   2   1
 190      5.81738      3.49688      3.74552   2   1
 191      0.11969     -6.78644      3.74552   2   1
 192      5.81738      0.00000      5.19572   1   1
 193     -2.90869      5.03800      5.19572   1   1
 194     -2.90869     -5.03800      5.19572   1   1
 195      7.15203     -0.77056     -3.14048   2   1
 196     -2.90869      6.57912     -3.14048   2   1
 197     -4.24334     -5.80856     -3.14048   2   1
 198      5.81738      5.03800     -1.69028   1   1
 199      5.81738     -5.03800     -1.69028   1   1
 200      1.45435      7.55700     -1.69028   1   1
 201      1.45435     -7.55700     -1.69028   1   1
 202     -7.27173      2.51900     -1.69028   1   1
 203     -7.27173     -2.51900     -1.69028   1   1
 204      1.57404     -0.77056     -7.73114   2   1
 205     -0.11969      1.74844     -7.73114   2   1
 206     -1.45435     -0.97788     -7.73114   2   1
 207      4.48273     -5.80856     -3.14048   2   1
 208      2.78900      6.78644     -3.14048   2   1
 209     -7.27173     -0.97788     -3.14048   2   1
 210      5.81738      5.03800      2.29533   1   1
 211      5.81738     -5.03800      2.29533   1   1
 212     -5.81738      5.03800     -2.29533   1   1
 213     -5.81738     -5.03800     -2.29533   1   1
 214      1.45435     -7.55700      2.29533   1   1
 215      1.45435      7.55700      2.29533   1   1
 216     -1.45435      7.55700     -2.29533   1   1
 217     -1.45435     -7.55700     -2.29533   1   1
 218      7.27173      2.51900     -2.29533   1   1
 219      7.27173     -2.51900     -2.29533   1   1
 220     -7.27173     -2.51900      2.29533   1   1
 221     -7.27173      2.51900      2.29533   1   1
 222      2.90869      0.00000      7.49105   1   1
 223     -1.45435      2.51900      7.49105   1   1
 224     -1.45435     -2.51900      7.49105   1   1
 225      1.33465      5.80856     -5.43581   2   1
 226     -1.33465      5.80856     -5.43581   2   1
 227      4.36304     -4.06012     -5.43581   2   1
 228     -4.36304     -4.06012     -5.43581   2   1
 229      5.69769     -1.74844     -5.43581   2   1
 230     -5.69769     -1.74844     -5.43581   2   1
 231      7.15203      0.77056      3.74552   2   1
 232     -2.90869     -6.57912      3.74552   2   1
 233     -4.24334      5.80856      3.74552   2   1
 234      4.48273      5.80856      3.74552   2   1
 235      2.78900     -6.78644      3.74552   2   1
 236     -7.27173      0.97788      3.74552   2   1
 237     -7.15203     -4.26744     -0.84514   2   1
 238     -0.11969      8.32756     -0.84514   2   1
 239      7.27173     -4.06012     -0.84514   2   1
 240      2.90869      1.54112     -7.73114   2   1
 241     -0.11969     -3.28956     -7.73114   2   1
 242     -2.78900      1.74844     -7.73114   2   1
 243      0.00000     -1.54112      8.33619   2   1
 244     -1.33465      0.77056      8.33619   2   1
 245      1.33465      0.77056      8.33619   2   1
 246     -5.81738      1.54112      6.04086   2   1
 247      1.57404     -5.80856      6.04086   2   1
 248      4.24334      4.26744      6.04086   2   1
 249      0.00000      5.03800      6.88600   1   1
 250      0.00000     -5.03800      6.88600   1   1
 251      0.00000      5.03800     -6.88600   1   1
 252      0.00000     -5.03800     -6.88600   1   1
 253     -4.36304     -2.51900      6.88600   1   1
 254     -4.36304      2.51900      6.88600   1   1
 255      4.36304      2.51900     -6.88600   1   1
 256     -4.36304      2.51900     -6.88600   1   1
 257      4.36304      2.51900      6.88600   1   1
 258      4.36304     -2.51900     -6.88600   1   1
 259     -4.36304     -2.51900     -6.88600   1   1
 260      4.36304     -2.51900      6.88600   1   1
 261      0.00000     -6.57912     -5.43581   2   1
 262     -5.69769      3.28956     -5.43581   2   1
 263      5.69769      3.28956     -5.43581   2   1
 264     -5.81738      0.00000     -6.28095   1   1
 265      2.90869      5.03800     -6.28095   1   1
 266      2.90869     -5.03800     -6.28095   1   1
 267      5.93707      1.74844      6.04086   2   1
 268     -4.48273      4.26744      6.04086   2   1
 269     -1.45435     -6.01588      6.04086   2   1
 270      7.39142      4.26744      1.45019   2   1
 271     -7.39142      4.26744      1.45019   2   1
 272      0.00000     -8.53488      1.45019   2   1
 273      8.72607      0.00000      0.00000   1   1
 274     -8.72607      0.00000      0.00000   1   1
 275      4.36304      7.55700      0.00000   1   1
 276     -4.36304      7.55700      0.00000   1   1
 277      4.36304     -7.55700      0.00000   1   1
 278     -4.36304     -7.55700      0.00000   1   1
 279     -5.81738     -6.57912     -0.84514   2   1
 280     -2.78900      8.32756     -0.84514   2   1
 281      8.60638     -1.74844     -0.84514   2   1
 282      4.24334     -0.77056     -7.73114   2   1
 283     -1.45435      4.06012     -7.73114   2   1
 284     -2.78900     -3.28956     -7.73114   2   1
 285      7.15203      4.26744     -3.14048   2   1
 286      0.11969     -8.32756     -3.14048   2   1
 287     -7.27173      4.06012     -3.14048   2   1
 288     -5.81738      5.03800      4.59067   1   1
 289     -5.81738     -5.03800      4.59067   1   1
 290      5.81738      5.03800     -4.59067   1   1
 291      5.81738     -5.03800     -4.59067   1   1
 292     -1.45435     -7.55700      4.59067   1   1
 293     -1.45435      7.55700      4.59067   1   1
 294      1.45435      7.55700     -4.59067   1   1
 295      1.45435     -7.55700     -4.59067   1   1
 296     -7.27173      2.51900     -4.59067   1   1
 297     -7.27173     -2.51900     -4.59067   1   1
 298      7.27173     -2.51900      4.59067   1   1
 299      7.27173      2.51900      4.59067   1   1
 300     -4.48273     -0.77056     -7.73114   2   1
 301      1.57404      4.26744     -7.73114   2   1
 302      2.90869     -3.49688     -7.73114   2   1
 303      3.02838     -8.32756      1.45019   2   1
 304     -3.02838     -8.32756      1.45019   2   1
 305      8.72607      1.54112      1.45019   2   1
 306     -8.72607      1.54112      1.45019   2   1
 307      5.69769      6.78644      1.45019   2   1
 308     -5.69769      6.78644      1.45019   2   1
 309      3.02838     -1.74844      8.33619   2   1
 310     -3.02838     -1.74844      8.33619   2   1
 311      0.00000      3.49688      8.33619   2   1
 312     -2.90869      0.00000     -8.57628   1   1
 313      1.45435      2.51900     -8.57628   1   1
 314      1.45435     -2.51900     -8.57628   1   1
 315     -8.84576     -1.74844     -0.84514   2   1
 316      5.93707     -6.78644     -0.84514   2   1
 317      2.90869      8.53488     -0.84514   2   1
 318      5.93707     -3.28956      6.04086   2   1
 319     -5.81738     -3.49688      6.04086   2   1
 320     -0.11969      6.78644      6.04086   2   1
 321      7.15203     -4.26744      3.74552   2   1
 322      0.11969      8.32756      3.74552   2   1
 323     -7.27173     -4.06012      3.74552   2   1
 324      8.72607      0.00000      2.90038   1   1
 325     -8.72607      0.00000      2.90038   1   1
 326      4.36304      7.55700      2.90038   1   1
 327     -4.36304      7.55700      2.90038   1   1
 328      4.36304     -7.55700      2.90038   1   1
 329     -4.36304     -7.55700      2.90038   1   1
 330      7.39142      0.77056     -5.43581   2   1
 331     -7.39142      0.77056     -5.43581   2   1
 332      3.02838     -6.78644     -5.43581   2   1
 333     -3.02838     -6.78644     -5.43581   2   1
 334      4.36304      6.01588     -5.43581   2   1
 335     -4.36304      6.01588     -5.43581   2   1
 336     -7.15203      5.80856     -0.84514   2   1
 337     -1.45435     -9.09812     -0.84514   2   1
 338      8.60638      3.28956     -0.84514   2   1
 339      5.81738      5.03800      5.19572   1   1
 340      5.81738     -5.03800      5.19572   1   1
 341      1.45435      7.55700      5.19572   1   1
 342      1.45435     -7.55700      5.19572   1   1
 343     -7.27173      2.51900      5.19572   1   1
 344     -7.27173     -2.51900      5.19572   1   1
 345      5.81738      6.57912     -3.14048   2   1
 346      2.78900     -8.32756     -3.14048   2   1
 347     -8.60638      1.74844     -3.14048   2   1
 348     -7.15203     -0.77056      6.04086   2   1
 349      2.90869      6.57912      6.04086   2   1
 350      4.24334     -5.80856      6.04086   2   1
 351      3.02838      3.28956      8.33619   2   1
 352     -3.02838      3.28956      8.33619   2   1
 353      1.33465     -4.26744      8.33619   2   1
 354     -1.33465     -4.26744      8.33619   2   1
 355      4.36304      0.97788      8.33619   2   1
 356     -4.36304      0.97788      8.33619   2   1
 357     -8.84576      3.28956     -0.84514   2   1
 358      1.57404     -9.30544     -0.84514   2   1
 359      7.27173      6.01588     -0.84514   2   1
 360     -5.81738      0.00000      7.49105   1   1
 361      2.90869      5.03800      7.49105   1   1
 362      2.90869     -5.03800      7.49105   1   1
 363     -4.48273     -5.80856      6.04086   2   1
 364     -2.78900      6.78644      6.04086   2   1
 365      7.27173     -0.97788      6.04086   2   1
 366      7.39142     -5.80856      1.45019   2   1
 367     -7.39142     -5.80856      1.45019   2   1
 368      8.72607     -3.49688      1.45019   2   1
 369     -8.72607     -3.49688      1.45019   2   1
 370      1.33465      9.30544      1.45019   2   1
 371     -1.33465      9.30544      1.45019   2   1
 372      5.81738     -6.57912      3.74552   2   1
 373      2.78900      8.32756      3.74552   2   1
 374     -8.60638     -1.74844      3.74552   2   1
 375      8.84576      1.74844     -3.14048   2   1
 376     -5.93707      6.78644     -3.14048   2   1
 377     -2.90869     -8.53488     -3.14048   2   1
 378      8.72607      0.00000     -3.98562   1   1
 379     -8.72607      0.00000     -3.98562   1   1
 380      4.36304      7.55700     -3.98562   1   1
 381     -4.36304      7.55700     -3.98562   1   1
 382      4.36304     -7.55700     -3.98562   1   1
 383     -4.36304     -7.55700     -3.98562   1   1
 384     -2.90869      0.00000      9.18133   1   1
 385      2.90869      0.00000     -9.18133   1   1
 386      1.45435     -2.51900      9.18133   1   1
 387      1.45435      2.51900      9.18133   1   1
 388     -1.45435      2.51900     -9.18133   1   1
 389     -1.45435     -2.51900     -9.18133   1   1
 390      7.15203     -5.80856     -3.14048   2   1
 391      1.45435      9.09812     -3.14048   2   1
 392     -8.60638     -3.28956     -3.14048   2   1
 393      8.84576     -1.74844      3.74552   2   1
 394     -5.93707     -6.78644      3.74552   2   1
 395     -2.90869      8.53488      3.74552   2   1
 396      0.00000      0.00000      9.78638   1   1
 397     -5.81738      1.54112     -7.73114   2   1
 398      1.57404     -5.80856     -7.73114   2   1
 399      4.24334      4.26744     -7.73114   2   1
 400      5.93707      1.74844     -7.73114   2   1
 401     -4.48273      4.26744     -7.73114   2   1
 402     -1.45435     -6.01588     -7.73114   2   1
 403     -5.81738      5.03800     -6.28095   1   1
 404     -5.81738     -5.03800     -6.28095   1   1
 405     -1.45435      7.55700     -6.28095   1   1
 406     -1.45435     -7.55700     -6.28095   1   1
 407      7.27173      2.51900     -6.28095   1   1
 408      7.27173     -2.51900     -6.28095   1   1
 409      7.15203      5.80856      3.74552   2   1
 410      1.45435     -9.09812      3.74552   2   1
 411     -8.60638      3.28956      3.74552   2   1
 412      8.84576     -3.28956     -3.14048   2   1
 413     -1.57404      9.30544     -3.14048   2   1
 414     -7.27173     -6.01588     -3.14048   2   1
 415      8.72607      5.03800      0.00000   1   1
 416     -8.72607      5.03800      0.00000   1   1
 417      8.72607     -5.03800      0.00000   1   1
 418     -8.72607     -5.03800      0.00000   1   1
 419      0.00000     10.07600      0.00000   1   1
 420      0.00000    -10.07600      0.00000   1   1
 421      7.39142     -4.26744     -5.43581   2   1
 422     -7.39142     -4.26744     -5.43581   2   1
 423      0.00000      8.53488     -5.43581   2   1
 424      8.84576      3.28956      3.74552   2   1
 425     -1.57404     -9.30544      3.74552   2   1
 426     -7.27173      6.01588      3.74552   2   1
 427     -1.57404      0.77056    -10.02648   2   1
 428      0.11969     -1.74844    -10.02648   2   1
 429      1.45435      0.97788    -10.02648   2   1
 430     10.06072     -0.77056      1.45019   2   1
 431    -10.06072     -0.77056      1.45019   2   1
 432      4.36304      9.09812      1.45019   2   1
 433     -4.36304      9.09812      1.45019   2   1
 434      5.69769     -8.32756      1.45019   2   1
 435     -5.69769     -8.32756      1.45019   2   1
 436      1.33465      5.80856      8.33619   2   1
 437     -1.33465      5.80856      8.33619   2   1
 438      4.36304     -4.06012      8.33619   2   1
 439     -4.36304     -4.06012      8.33619   2   1
 440      5.69769     -1.74844      8.33619   2   1
 441     -5.69769     -1.74844      8.33619   2   1
 442      5.93707      8.32756     -0.84514   2   1
 443      4.24334     -9.30544     -0.84514   2   1
 444    -10.18042      0.97788     -0.84514   2   1
 445      5.93707     -3.28956     -7.73114   2   1
 446     -5.81738     -3.49688     -7.73114   2   1
 447     -0.11969      6.78644     -7.73114   2   1
 448     -7.15203      4.26744      6.04086   2   1
 449     -0.11969     -8.32756      6.04086   2   1
 450      7.27173      4.06012      6.04086   2   1
 451      5.81738      0.00000     -8.57628   1   1
 452     -2.90869      5.03800     -8.57628   1   1
 453     -2.90869     -5.03800     -8.57628   1   1
 454     10.30011      0.77056     -0.84514   2   1
 455     -4.48273     -9.30544     -0.84514   2   1
 456     -5.81738      8.53488     -0.84514   2   1
 457      3.02838      8.32756     -5.43581   2   1
 458     -3.02838      8.32756     -5.43581   2   1
 459      8.72607     -1.54112     -5.43581   2   1
 460     -8.72607     -1.54112     -5.43581   2   1
 461      5.69769     -6.78644     -5.43581   2   1
 462     -5.69769     -6.78644     -5.43581   2   1
 463      8.72607      5.03800      2.90038   1   1
 464     -8.72607      5.03800      2.90038   1   1
 465      8.72607     -5.03800      2.90038   1   1
 466     -8.72607     -5.03800      2.90038   1   1
 467      0.00000     10.07600      2.90038   1   1
 468      0.00000    -10.07600      2.90038   1   1
 469      2.90869     10.07600      0.60505   1   1
 470      2.90869    -10.07600      0.60505   1   1
 471      7.27173     -7.55700      0.60505   1   1
 472      7.27173      7.55700      0.60505   1   1
 473    -10.18042      2.51900      0.60505   1   1
 474    -10.18042     -2.51900      0.60505   1   1
 475     -2.90869     -1.54112    -10.02648   2   1
 476      0.11969      3.28956    -10.02648   2   1
 477      2.78900     -1.74844    -10.02648   2   1
 478     -7.15203     -0.77056     -7.73114   2   1
 479      2.90869      6.57912     -7.73114   2   1
 480      4.24334     -5.80856     -7.73114   2   1
 481      0.00000     -6.57912      8.33619   2   1
 482     -5.69769      3.28956      8.33619   2   1
 483      5.69769      3.28956      8.33619   2   1
 484     -2.90869     10.07600     -1.69028   1   1
 485     -2.90869    -10.07600     -1.69028   1   1
 486     -7.27173      7.55700     -1.69028   1   1
 487     -7.27173     -7.55700     -1.69028   1   1
 488     10.18042      2.51900     -1.69028   1   1
 489     10.18042     -2.51900     -1.69028   1   1
 490     -4.48273     -5.80856     -7.73114   2   1
 491     -2.78900      6.78644     -7.73114   2   1
 492      7.27173     -0.97788     -7.73114   2   1
 493     -5.81738      6.57912      6.04086   2   1
 494     -2.78900     -8.32756      6.04086   2   1
 495      8.60638      1.74844      6.04086   2   1
 496     -5.93707     -8.32756     -3.14048   2   1
 497     -4.24334      9.30544     -3.14048   2   1
 498     10.18042     -0.97788     -3.14048   2   1
 499     -2.90869     10.07600      2.29533   1   1
 500     -2.90869    -10.07600      2.29533   1   1
 501      2.90869     10.07600     -2.29533   1   1
 502      2.90869    -10.07600     -2.29533   1   1
 503     -7.27173      7.55700      2.29533   1   1
 504      7.27173      7.55700     -2.29533   1   1
 505      7.27173     -7.55700     -2.29533   1   1
 506     -7.27173     -7.55700      2.29533   1   1
 507    -10.18042     -2.51900     -2.29533   1   1
 508    -10.18042      2.51900     -2.29533   1   1
 509     10.18042     -2.51900      2.29533   1   1
 510     10.18042      2.51900      2.29533   1   1
 511     -5.81738      5.03800      7.49105   1   1
 512     -5.81738     -5.03800      7.49105   1   1
 513     -1.45435      7.55700      7.49105   1   1
 514     -1.45435     -7.55700      7.49105   1   1
 515      7.27173      2.51900      7.49105   1   1
 516      7.27173     -2.51900      7.49105   1   1
 517     -1.57404     -0.77056     10.63152   2   1
 518      0.11969      1.74844     10.63152   2   1
 519      1.45435     -0.97788     10.63152   2   1
 520    -10.30011     -0.77056     -3.14048   2   1
 521      4.48273      9.30544     -3.14048   2   1
 522      5.81738     -8.53488     -3.14048   2   1
 523      8.72607      5.03800     -3.98562   1   1
 524     -8.72607      5.03800     -3.98562   1   1
 525      8.72607     -5.03800     -3.98562   1   1
 526     -8.72607     -5.03800     -3.98562   1   1
 527      0.00000     10.07600     -3.98562   1   1
 528      0.00000    -10.07600     -3.98562   1   1
 529     -8.84576      1.74844      6.04086   2   1
 530      5.93707      6.78644      6.04086   2   1
 531      2.90869     -8.53488      6.04086   2   1
 532      7.39142      5.80856     -5.43581   2   1
 533     -7.39142      5.80856     -5.43581   2   1
 534      8.72607      3.49688     -5.43581   2   1
 535     -8.72607      3.49688     -5.43581   2   1
 536      1.33465     -9.30544     -5.43581   2   1
 537     -1.33465     -9.30544     -5.43581   2   1
 538      5.81738      0.00000      9.18133   1   1
 539     -5.81738      0.00000     -9.18133   1   1
 540     -2.90869     -5.03800      9.18133   1   1
 541     -2.90869      5.03800      9.18133   1   1
 542      2.90869      5.03800     -9.18133   1   1
 543      2.90869     -5.03800     -9.18133   1   1
 544      0.00000      0.00000    -10.87162   1   1
 545     -5.93707      8.32756      3.74552   2   1
 546     -4.24334     -9.30544      3.74552   2   1
 547     10.18042      0.97788      3.74552   2   1
 548     -4.24334      0.77056    -10.02648   2   1
 549      1.45435     -4.06012    -10.02648   2   1
 550      2.78900      3.28956    -10.02648   2   1
 551    -10.30011      0.77056      3.74552   2   1
 552      4.48273     -9.30544      3.74552   2   1
 553      5.81738      8.53488      3.74552   2   1
 554      1.57404     10.84656     -0.84514   2   1
 555    -10.18042     -4.06012     -0.84514   2   1
 556      8.60638     -6.78644     -0.84514   2   1
 557      0.00000      5.03800      9.78638   1   1
 558      0.00000     -5.03800      9.78638   1   1
 559      4.36304      2.51900      9.78638   1   1
 560      4.36304     -2.51900      9.78638   1   1
 561     -4.36304     -2.51900      9.78638   1   1
 562     -4.36304      2.51900      9.78638   1   1
 563      4.48273      0.77056    -10.02648   2   1
 564     -1.57404     -4.26744    -10.02648   2   1
 565     -2.90869      3.49688    -10.02648   2   1
 566     -7.15203     -5.80856      6.04086   2   1
 567     -1.45435      9.09812      6.04086   2   1
 568      8.60638     -3.28956      6.04086   2   1
 569      8.72607      6.57912      1.45019   2   1
 570     -8.72607      6.57912      1.45019   2   1
 571     10.06072      4.26744      1.45019   2   1
 572    -10.06072      4.26744      1.45019   2   1
 573      1.33465    -10.84656      1.45019   2   1
 574     -1.33465    -10.84656      1.45019   2   1
 575      8.72607      0.00000      6.88600   1   1
 576     -8.72607      0.00000      6.88600   1   1
 577      8.72607      0.00000     -6.88600   1   1
 578     -8.72607      0.00000     -6.88600   1   1
 579      4.36304     -7.55700      6.88600   1   1
 580     -4.36304     -7.55700      6.88600   1   1
 581      4.36304      7.55700      6.88600   1   1
 582     -4.36304      7.55700      6.88600   1   1
 583      4.36304      7.55700     -6.88600   1   1
 584     -4.36304      7.55700     -6.88600   1   1
 585      4.36304     -7.55700     -6.88600   1   1
 586     -4.36304     -7.55700     -6.88600   1   1
 587     -2.90869      1.54112     10.63152   2   1
 588      0.11969     -3.28956     10.63152   2   1
 589      2.78900      1.74844     10.63152   2   1
 590      7.39142      0.77056      8.33619   2   1
 591     -7.39142      0.77056      8.33619   2   1
 592      3.02838     -6.78644      8.33619   2   1
 593     -3.02838     -6.78644      8.33619   2   1
 594      4.36304      6.01588      8.33619   2   1
 595     -4.36304      6.01588      8.33619   2   1
 596     -8.84576     -6.78644     -0.84514   2   1
 597     10.30011     -4.26744     -0.84514   2   1
 598     -1.45435     11.05388     -0.84514   2   1
 599     -8.84576     -3.28956      6.04086   2   1
 600      1.57404      9.30544      6.04086   2   1
 601      7.27173     -6.01588      6.04086   2   1
 602     -7.15203      4.26744     -7.73114   2   1
 603     -0.11969     -8.32756     -7.73114   2   1
 604      7.27173      4.06012     -7.73114   2   1
 605     -1.57404    -10.84656     -3.14048   2   1
 606     10.18042      4.06012     -3.14048   2   1
 607     -8.60638      6.78644     -3.14048   2   1
 608      2.90869     10.07600      4.59067   1   1
 609      2.90869    -10.07600      4.59067   1   1
 610     -2.90869     10.07600     -4.59067   1   1
 611     -2.90869    -10.07600     -4.59067   1   1
 612      7.27173      7.55700      4.59067   1   1
 613     -7.27173      7.55700     -4.59067   1   1
 614     -7.27173     -7.55700     -4.59067   1   1
 615      7.27173     -7.55700      4.59067   1   1
 616     10.18042     -2.51900     -4.59067   1   1
 617     10.18042      2.51900     -4.59067   1   1
 618    -10.18042     -2.51900      4.59067   1   1
 619    -10.18042      2.51900      4.59067   1   1
 620     10.06072      0.77056     -5.43581   2   1
 621    -10.06072      0.77056     -5.43581   2   1
 622      4.36304     -9.09812     -5.43581   2   1
 623     -4.36304     -9.09812     -5.43581   2   1
 624      5.69769      8.32756     -5.43581   2   1
 625     -5.69769      8.32756     -5.43581   2   1
 626     -4.24334     -0.77056     10.63152   2   1
 627      1.45435      4.06012     10.63152   2   1
 628      2.78900     -3.28956     10.63152   2   1
 629      5.81738      5.03800     -8.57628   1   1
 630      5.81738     -5.03800     -8.57628   1   1
 631      1.45435      7.55700     -8.57628   1   1
 632      1.45435     -7.55700     -8.57628   1   1
 633     -7.27173      2.51900     -8.57628   1   1
 634     -7.27173     -2.51900     -8.57628   1   1
 635      4.48273     -0.77056     10.63152   2   1
 636     -1.57404      4.26744     10.63152   2   1
 637     -2.90869     -3.49688     10.63152   2   1
 638     -1.57404     10.84656      3.74552   2   1
 639     10.18042     -4.06012      3.74552   2   1
 640     -8.60638     -6.78644      3.74552   2   1
 641      8.84576      6.78644     -3.14048   2   1
 642    -10.30011      4.26744     -3.14048   2   1
 643      1.45435    -11.05388     -3.14048   2   1
 644     11.63476     -0.00000      0.60505   1   1
 645     -5.81738     10.07600      0.60505   1   1
 646     -5.81738    -10.07600      0.60505   1   1
 647      4.24334     10.84656     -0.84514   2   1
 648      7.27173     -9.09812     -0.84514   2   1
 649    -11.51507     -1.74844     -0.84514   2   1
 650      5.81738     -1.54112    -10.02648   2   1
 651     -1.57404      5.80856    -10.02648   2   1
 652     -4.24334     -4.26744    -10.02648   2   1
 653     -5.81738      6.57912     -7.73114   2   1
 654     -2.78900     -8.32756     -7.73114   2   1
 655      8.60638      1.74844     -7.73114   2   1
 656     -2.90869     10.07600      5.19572   1   1
 657     -2.90869    -10.07600      5.19572   1   1
 658     -7.27173     -7.55700      5.19572   1   1
 659     -7.27173      7.55700      5.19572   1   1
 660     10.18042      2.51900      5.19572   1   1
 661     10.18042     -2.51900      5.19572   1   1
 662     10.06072     -5.80856      1.45019   2   1
 663    -10.06072     -5.80856      1.45019   2   1
 664      0.00000     11.61712      1.45019   2   1
 665    -11.63476      0.00000     -1.69028   1   1
 666      5.81738    -10.07600     -1.69028   1   1
 667      8.84576     -6.78644      3.74552   2   1
 668    -10.30011     -4.26744      3.74552   2   1
 669      1.45435     11.05388      3.74552   2   1
 670     11.63476     -1.54112     -0.84514   2   1
 671     -4.48273     10.84656     -0.84514   2   1
 672     -7.15203     -9.30544     -0.84514   2   1
 673     -5.93707     -1.74844    -10.02648   2   1
 674      4.48273     -4.26744    -10.02648   2   1
 675      1.45435      6.01588    -10.02648   2   1
 676      2.90869      0.00000     11.47667   1   1
 677     -2.90869      0.00000    -11.47667   1   1
 678     -1.45435     -2.51900     11.47667   1   1
 679     -1.45435      2.51900     11.47667   1   1
 680      1.45435      2.51900    -11.47667   1   1
 681      1.45435     -2.51900    -11.47667   1   1
 682     10.30011      5.80856     -0.84514   2   1
 683     -0.11969    -11.82444     -0.84514   2   1
 684    -10.18042      6.01588     -0.84514   2   1
 685    -11.63476      0.00000      2.29533   1   1
 686     11.63476     -0.00000     -2.29533   1   1
 687      5.81738    -10.07600      2.29533   1   1
 688     -5.81738     10.07600     -2.29533   1   1
 689     -5.81738    -10.07600     -2.29533   1   1
 690     -8.84576      1.74844     -7.73114   2   1
 691      5.93707      6.78644     -7.73114   2   1
 692      2.90869     -8.53488     -7.73114   2   1
 693      5.93707     -8.32756      6.04086   2   1
 694      4.24334      9.30544      6.04086   2   1
 695    -10.18042     -0.97788      6.04086   2   1
 696      7.39142     -4.26744      8.33619   2   1
 697     -7.39142     -4.26744      8.33619   2   1
 698      0.00000      8.53488      8.33619   2   1
 699     10.30011     -0.77056      6.04086   2   1
 700     -4.48273      9.30544      6.04086   2   1
 701     -5.81738     -8.53488      6.04086   2   1
 702     -7.39142      9.30544      1.45019   2   1
 703     11.75446      1.74844      1.45019   2   1
 704      4.36304    -11.05388      1.45019   2   1
 705     -4.36304    -11.05388      1.45019   2   1
 706      5.81738      5.03800      9.18133   1   1
 707      5.81738     -5.03800      9.18133   1   1
 708     -5.81738      5.03800     -9.18133   1   1
 709     -5.81738     -5.03800     -9.18133   1   1
 710      1.45435     -7.55700      9.18133   1   1
 711      1.45435      7.55700      9.18133   1   1
 712     -1.45435      7.55700     -9.18133   1   1
 713     -1.45435     -7.55700     -9.18133   1   1
 714      7.27173      2.51900     -9.18133   1   1
 715      7.27173     -2.51900     -9.18133   1   1
 716     -7.27173     -2.51900      9.18133   1   1
 717     -7.27173      2.51900      9.18133   1   1
 718      0.00000      5.03800    -10.87162   1   1
 719      0.00000     -5.03800    -10.87162   1   1
 720      4.36304      2.51900    -10.87162   1   1
 721      4.36304     -2.51900    -10.87162   1   1
 722     -4.36304     -2.51900    -10.87162   1   1
 723     -4.36304      2.51900    -10.87162   1   1
