# # Cu                                                           FEFF 10.0.0 
# # POT  SCF 100  4.0000   0, core-hole, AFOLP (folp(0)= 1.150)
# # Abs   Z=29 Rmt= 1.480 Rnm= 1.541 K  shell
# # Pot 1 Z=29 Rmt= 1.363 Rnm= 1.405
# # Gam_ch=1.729E+00 H-L exch Vi= 0.000E+00 Vr= 0.000E+00
# # Mu=-1.337E+01eV kf=1.985E+00 Vint=-2.161E+01eV Rs_int= 1.827
# FMS rfms= 4.0000
# # PATH  Rmax=-1.000,  Keep_limit= 0.00, Heap_limit 0.00  Pwcrit= 2.50%
#  S02=1.000  Temp=   0.00  Debye_temp=   0.00  Global_sig2= 0.00000
#  Energy zero shift, vr, vi    0.00000E+00   0.00000E+00
#  Curved wave amplitude ratio filter   4.000%
#     file         sig2 tot  cw amp ratio   deg  nlegs   reff  inp sig2
#     0/   0 paths used
#  xsedge+ 50, used to normalize mu           2.5639E-04
#  -----------------------------------------------------------------------
#  omega    e    k    mu    mu0     chi     @#
      8851.5471707364      -22.4009510000       -1.5399999907    2.9833119977E-02    3.1886134951E-02   -2.0530149738E-03
      8853.1153602364      -20.8327615000       -1.3999999759    3.5915178945E-02    3.8824769572E-02   -2.9095906269E-03
      8854.5341982364      -19.4139235000       -1.2599999572    4.4013870650E-02    4.8254434513E-02   -4.2405638628E-03
      8855.8036849364      -18.1444368000       -1.1200000757    5.5119182172E-02    6.1467833073E-02   -6.3486509013E-03
      8856.9238202364      -17.0243015000       -0.9800000646    7.0888589956E-02    8.0649300700E-02   -9.7607107432E-03
      8857.8946041364      -16.0535176000       -0.8399999855    9.4192446663E-02    1.0960504492E-01   -1.5412598257E-02
      8858.7160367364      -15.2320850000       -0.6999999879    1.3001336969E-01    1.5496685854E-01   -2.4953488847E-02
      8859.3881179364      -14.5600038000       -0.5600000379    1.8605457298E-01    2.2701523525E-01   -4.0960662265E-02
      8859.9108477364      -14.0372740000       -0.4199999928    2.6831368147E-01    3.3382005419E-01   -6.5506372726E-02
      8860.1506314364      -13.7974903000       -0.3368447530    3.2542033201E-01    4.0824956912E-01   -8.2829237108E-02
      8860.5829289364      -13.3651928000        0.0000000000    4.5947962598E-01    5.8282245025E-01   -1.2334282428E-01
      8861.0152264364      -12.9328953000        0.3368447530    5.9271385043E-01    7.5586783646E-01   -1.6315398603E-01
      8861.4475239364      -12.5005978000        0.4763703902    6.8421026595E-01    8.7237102904E-01   -1.8816076310E-01
      8861.8798214364      -12.0683003000        0.5834322265    7.3837403849E-01    9.3953424224E-01   -2.0116020375E-01
      8862.3121189364      -11.6360028000        0.6736895060    7.7078348626E-01    9.7764847809E-01   -2.0686499183E-01
      8862.7444164364      -11.2037053000        0.7532077303    7.9206860201E-01    9.9940257857E-01   -2.0733397656E-01
      8862.8418684364      -11.1062533000        0.7699999954    7.9584128772E-01    1.0027206088E+00   -2.0687932112E-01
      8863.2712536364      -10.6768681000        0.8399999855    8.1145090054E-01    1.0131961648E+00   -2.0174526422E-01
      8863.7379766364      -10.2101451000        0.9099999916    8.2745046533E-01    1.0185821725E+00   -1.9113170716E-01
      8864.2420375564       -9.7060841800        0.9800000646    8.4610344984E-01    1.0200596009E+00   -1.7395615103E-01
      8864.7834362864       -9.1646854500        1.0500000136    8.6899575036E-01    1.0185044857E+00   -1.4950873535E-01
      8865.3621728564       -8.5859488800        1.1200000757    8.9690570213E-01    1.0146787466E+00   -1.1777304447E-01
      8865.9782472764       -7.9698744600        1.1900000074    9.2944117541E-01    1.0091723303E+00   -7.9731154848E-02
      8866.6316595364       -7.3164622000        1.2599999572    9.6493073391E-01    1.0024884325E+00   -3.7557698620E-02
      8867.3224096464       -6.6257120900        1.3300000021    1.0005775785E+00    9.9505206767E-01    5.5255108666E-03
      8868.0504975864       -5.8976241500        1.3999999759    1.0331431405E+00    9.8722455533E-01    4.5918585132E-02
      8868.8159233864       -5.1321983500        1.4700000335    1.0601505094E+00    9.7927482070E-01    8.0875688645E-02
      8869.6186870164       -4.3294347200        1.5399999907    1.0811651701E+00    9.7141341632E-01    1.0975175381E-01
      8870.4587884964       -3.4893332400        1.6099999929    1.0983481578E+00    9.6387793373E-01    1.3447022409E-01
      8871.3362278164       -2.6118939200        1.6799999711    1.1154817783E+00    9.5679631875E-01    1.5868545958E-01
      8872.2510049864       -1.6971167500        1.7500000497    1.1361294142E+00    9.5029596906E-01    1.8583344516E-01
      8873.2031199944       -0.7450017420        1.8199999833    1.1612032661E+00    9.4448588310E-01    2.1671738295E-01
      8874.1925728464        0.2444511100        1.8899999006    1.1866188040E+00    9.3939849471E-01    2.4722030927E-01
      8875.2193635464        1.2712418100        1.9600001291    1.2026043521E+00    9.3511752006E-01    2.6748683202E-01
      8876.2834920864        2.3353703500        2.0300000600    1.1963689076E+00    9.3169608333E-01    2.6467282432E-01
      8877.3849584664        3.4368367300        2.1000000272    1.1593182286E+00    9.2914564386E-01    2.3017258478E-01
      8878.5237626964        4.5756409600        2.1699999289    1.0936393631E+00    9.2731825222E-01    1.6632111093E-01
      8879.6999047664        5.7517830300        2.2400001514    1.0130759402E+00    9.2645735082E-01    8.6618589350E-02
      8880.9133846764        6.9652629400        2.3100000207    9.4055999465E-01    9.2804920211E-01    1.2510792544E-02
      8882.1642024364        8.2160807000        2.3800000149    8.9346236221E-01    9.3549969822E-01   -4.2037336008E-02
      8883.4523580364        9.5042363000        2.4499999496    8.6758517973E-01    9.4250732613E-01   -7.4922146400E-02
      8884.7778514364       10.8297297000        2.5199999143    8.5586265178E-01    9.4519367944E-01   -8.9331027667E-02
      8886.1406827364       12.1925610000        2.5900000709    8.5659795501E-01    9.4644936664E-01   -8.9851411630E-02
      8887.5408519364       13.5927302000        2.6600000042    8.6638155589E-01    9.4753156655E-01   -8.1150010665E-02
      8888.9783588364       15.0302371000        2.7299998872    8.8398939731E-01    9.4869868134E-01   -6.4709284025E-02
      8890.4532037364       16.5050820000        2.7999999518    9.0725608792E-01    9.5079420138E-01   -4.3538113461E-02
      8891.9653863364       18.0172646000        2.8700001105    9.3239051926E-01    9.5367761303E-01   -2.1287093777E-02
      8893.5149068364       19.5667851000        2.9400000670    9.5611050140E-01    9.5633957105E-01   -2.2906965062E-04
      8895.1017652364       21.1536435000        3.0099999769    9.7732515314E-01    9.6006725497E-01    1.7257898163E-02
      8896.7259614364       22.7778397000        3.0799999815    9.9321336278E-01    9.6389249749E-01    2.9320865293E-02
      8898.3874954364       24.4393737000        3.1500000745    1.0036795356E+00    9.6773680276E-01    3.5942732879E-02
      8900.0863673364       26.1382456000        3.2199999858    1.0090703283E+00    9.7086214587E-01    3.8208182416E-02
      8901.8225770364       27.8744553000        3.2899999858    1.0111131367E+00    9.7496134802E-01    3.6151788672E-02
      8903.5961246364       29.6480029000        3.3599999421    1.0076402062E+00    9.7868027256E-01    2.8959933689E-02
      8905.4070100364       31.4588883000        3.4300001057    9.9767815423E-01    9.8208814681E-01    1.5590007420E-02
      8907.2552332364       33.3071115000        3.5000000993    9.8131920001E-01    9.8512686365E-01   -3.8076636482E-03
      8909.1407943364       35.1926726000        3.5700000521    9.5961810398E-01    9.8722304085E-01   -2.7604936868E-02
      8911.0636933364       37.1155716000        3.6399999665    9.3677129070E-01    9.8971132906E-01   -5.2940038362E-02
      8913.0239300364       39.0758083000        3.7099998446    9.1565258298E-01    9.9220036118E-01   -7.6547778203E-02
      8915.0215047364       41.0733830000        3.7799998011    8.9875881059E-01    9.9370502300E-01   -9.4946212413E-02
      8917.0564171364       43.1082954000        3.8499998317    8.8947375589E-01    9.9476957751E-01   -1.0529582162E-01
      8919.1286675364       45.1805458000        3.9200002582    8.9036757249E-01    9.9561707073E-01   -1.0524949824E-01
      8921.2382556364       47.2901339000        3.9900002063    9.0245933893E-01    9.9575281864E-01   -9.3293479716E-02
      8923.3851816364       49.4370599000        4.0600001201    9.2616687577E-01    9.9567552807E-01   -6.9508652293E-02
      8925.5694455364       51.6213238000        4.1300000013    9.5919561319E-01    9.9551340515E-01   -3.6317791953E-02
      8927.7910472364       53.8429255000        4.2000000543    9.9602590054E-01    9.9514034176E-01    8.8555877412E-04
      8930.0499867364       56.1018650000        4.2699998719    1.0284784033E+00    9.9391845882E-01    3.4559944465E-02
      8932.3462641364       58.3981424000        4.3399998578    1.0507764743E+00    9.9238699383E-01    5.8389480520E-02
      8934.6798793364       60.7317576000        4.4099998109    1.0622997151E+00    9.9076615846E-01    7.1533556595E-02
      8937.0508323364       63.1027106000        4.4800003029    1.0666587482E+00    9.8903619569E-01    7.7622552492E-02
      8939.4591232364       65.5110015000        4.5500001862    1.0674069106E+00    9.8703286921E-01    8.0374041355E-02
      8941.9047520364       67.9566303000        4.6200000413    1.0659800970E+00    9.8506395742E-01    8.0916139536E-02
      8944.3877186364       70.4395969000        4.6900000511    1.0628290207E+00    9.8321722086E-01    7.9611799806E-02
      8946.9080230364       72.9599013000        4.7600000298    1.0606499423E+00    9.8140797391E-01    7.9241968410E-02
      8949.4656653364       75.5175436000        4.8299999787    1.0627221150E+00    9.7932592033E-01    8.3396194679E-02
      8952.0606454364       78.1125237000        4.8999998993    1.0684411930E+00    9.7732152510E-01    9.1119667867E-02
      8954.6929634364       80.7448417000        4.9699997926    1.0692143367E+00    9.7557929789E-01    9.3635038779E-02
      8957.3626192364       83.4144975000        5.0399998287    1.0530639206E+00    9.7412265926E-01    7.8941261297E-02
      8960.0696129364       86.1214912000        5.1100001684    1.0135599566E+00    9.7277683324E-01    4.0783123401E-02
      8962.8139444364       88.8658227000        5.1800001419    9.5546215260E-01    9.7158325145E-01   -1.6121098843E-02
      8965.5956137364       91.6474920000        5.2500000882    8.9158855751E-01    9.7063736846E-01   -7.9048810949E-02
      8968.4146209364       94.4664992000        5.3200000084    8.3604750820E-01    9.6995771405E-01   -1.3391020584E-01
      8971.2709659364       97.3228442000        5.3900000614    7.9839429289E-01    9.6954152949E-01   -1.7114723661E-01
      8974.1646487364      100.2165270000        5.4599997743    7.8172248146E-01    9.6927199399E-01   -1.8754951254E-01
      8977.0956697364      103.1475480000        5.5299999300    7.8398497970E-01    9.6919552440E-01   -1.8521054469E-01
      8980.0640277364      106.1159060000        5.5999999035    8.0131274250E-01    9.6937565751E-01   -1.6806291501E-01
      8983.0697247364      109.1216030000        5.6700003023    8.3187219694E-01    9.6979710397E-01   -1.3792490704E-01
      8986.1127587364      112.1646370000        5.7400002209    8.7650246941E-01    9.7029898795E-01   -9.3796518533E-02
      8989.1931307364      115.2450090000        5.8099999697    9.3533517376E-01    9.7082831953E-01   -3.5493145768E-02
      8992.3108407364      118.3627190000        5.8800001340    1.0044901459E+00    9.7145108992E-01    3.3039055974E-02
      8995.4658887364      121.5177670000        5.9500001266    1.0760678940E+00    9.7213481497E-01    1.0393307905E-01
      8998.6582737364      124.7101520000        6.0199999537    1.1413055962E+00    9.7290375120E-01    1.6840184502E-01
      9001.8879977364      127.9398760000        6.0899999005    1.1924207265E+00    9.7376465433E-01    2.1865607219E-01
      9005.1550587364      131.2069370000        6.1599999630    1.2210589119E+00    9.7452370753E-01    2.4653520441E-01
      9008.4594577364      134.5113360000        6.2299998638    1.2167397938E+00    9.7517579530E-01    2.4156399850E-01
      9011.8011947364      137.8530730000        6.3000001491    1.1711543889E+00    9.7569569101E-01    1.9545869793E-01
      9015.1802697364      141.2321480000        6.3700000041    1.0921042833E+00    9.7603848771E-01    1.1606579560E-01
      9018.5966827364      144.6485610000        6.4399999717    1.0047801481E+00    9.7610630701E-01    2.8673841124E-02
      9022.0504327364      148.1023110000        6.5100000482    9.3081914627E-01    9.7594095252E-01   -4.5121806249E-02
      9025.5415217364      151.5934000000        6.5799999715    8.7523871770E-01    9.7549886721E-01   -1.0026014951E-01
      9029.0699477364      155.1218260000        6.6500000024    8.3390921569E-01    9.7489387336E-01   -1.4098465767E-01
      9032.6357117364      158.6875900000        6.7199998842    8.0483951858E-01    9.7422804444E-01   -1.6938852587E-01
      9036.2388137364      162.2906920000        6.7899998722    7.9187275938E-01    9.7330544137E-01   -1.8143268199E-01
      9039.8792537364      165.9311320000        6.8600002115    7.9901983901E-01    9.7196386356E-01   -1.7294402455E-01
      9043.5570307364      169.6089090000        6.9300001541    8.2496963529E-01    9.7061966810E-01   -1.4565003281E-01
      9047.2721467364      173.3240250000        7.0000001987    8.6424400457E-01    9.6925526461E-01   -1.0501126005E-01
      9051.0245997364      177.0764780000        7.0700001012    9.1055689269E-01    9.6764782270E-01   -5.7090930012E-02
      9054.8143907364      180.8662690000        7.1400001043    9.5775025286E-01    9.6585151270E-01   -8.1012598406E-03
      9058.6415197364      184.6933980000        7.2099999689    9.9759509851E-01    9.6397715703E-01    3.3617941475E-02
      9062.5059867364      188.5578650000        7.2799999330    1.0193908888E+00    9.6044080154E-01    5.8950087304E-02
      9066.4077907364      192.4596690000        7.3499997620    1.0237751468E+00    9.5781205980E-01    6.5963086969E-02
      9070.3469337364      196.3988120000        7.4199996893    1.0227827780E+00    9.5563852761E-01    6.7144250351E-02
      9074.3234137364      200.3752920000        7.4900001667    1.0280877041E+00    9.5345480781E-01    7.4632896304E-02
      9078.3372317364      204.3891100000        7.5599996023    1.0412691534E+00    9.5134112581E-01    8.9928027579E-02
      9082.3883877364      208.4402660000        7.6300000333    1.0575846588E+00    9.4934595382E-01    1.0823870496E-01
      9086.4768817364      212.5287600000        7.6999996635    1.0747384454E+00    9.4966795685E-01    1.2507048852E-01
      9090.6027137364      216.6545920000        7.7699998293    1.0835095466E+00    9.4826648627E-01    1.3524306038E-01
      9094.7658837364      220.8177620000        7.8400005165    1.0768584147E+00    9.4659413024E-01    1.3026428448E-01
      9098.9663907364      225.0182690000        7.9099999890    1.0425655875E+00    9.4503079393E-01    9.7534793549E-02
      9103.2042357364      229.2561140000        7.9800004126    9.7434004514E-01    9.4378369608E-01    3.0556349057E-02
