# # Cu                                                           FEFF 9.05   
# # POT  SCF  30  4.0000   0, core-hole, AFOLP (folp(0)= 1.150)
# # Abs   Z=29 Rmt= 1.437 Rnm= 1.489 K  shell
# # Pot 1 Z=29 Rmt= 1.344 Rnm= 1.381
# # Gam_ch=1.729E+00 H-L exch
# # Mu=-7.991E+00 kf=1.994E+00 Vint=-1.742E+01 Rs_int= 1.819
# # PATH  Rmax= 8.000,  Keep_limit= 0.00, Heap_limit 0.00  Pwcrit= 2.50%
#  S02=1.000  Temp= 450.00  Debye_temp= 315.00  Global_sig2= 0.00000
#  Curved wave amplitude ratio filter   4.000%
#     file         sig2 tot  cw amp ratio   deg  nlegs   reff  inp sig2
#           1       0.01248    100.00     12.00     2   2.5323
#           2       0.01913     22.99      6.00     2   3.5812
#           3       0.01184     10.61     48.00     3   3.7984
#           4       0.01618      7.52     48.00     3   4.3229
#           5       0.01776     55.07     24.00     2   4.3860
#           6       0.01578     11.25     48.00     3   4.7253
#           7       0.01652     17.45     96.00     3   4.7253
#           8       0.02058     18.67     12.00     2   5.0645
#           9       0.01748      8.74     12.00     3   5.0646
#          10       0.02058     39.86     24.00     3   5.0645
#          11       0.01748      9.74     12.00     4   5.0646
#          12       0.04992      4.05     12.00     4   5.0646
#          14       0.02058     31.90     12.00     4   5.0645
#          16       0.02668     27.24     24.00     2   5.6623
#          17       0.02092      8.94     48.00     3   5.8879
#          18       0.02600      5.83     48.00     3   5.8879
#          19       0.02548      6.34     48.00     3   5.8879
#          20       0.01912      4.31     96.00     3   5.9914
#          21       0.01855      4.97     96.00     3   5.9914
#          22       0.01855      4.66     96.00     4   5.9914
#          23       0.01912      4.81     96.00     4   5.9914
#          25       0.02427      6.95      8.00     2   6.2028
#          26       0.02421      5.01     96.00     3   6.2903
#    23/  24 paths used
#  xsedge+50, used to normalize mu           2.4644E-04
#  -----------------------------------------------------------------------
#  omega    e    k    mu    mu0     chi     @#
    8988.535     -7.982   0.050  3.63360E-01  4.34419E-01 -8.78134E-02
    8988.564     -7.953   0.100  3.68390E-01  4.40304E-01 -8.87632E-02
    8988.611     -7.905   0.150  3.83315E-01  4.57941E-01 -9.17867E-02
    8988.678     -7.839   0.200  3.97985E-01  4.75579E-01 -9.51029E-02
    8988.764     -7.753   0.250  4.20363E-01  5.03387E-01 -1.01185E-01
    8988.868     -7.648   0.300  4.42109E-01  5.31194E-01 -1.07968E-01
    8988.992     -7.524   0.350  4.66055E-01  5.64418E-01 -1.18331E-01
    8989.135     -7.382   0.400  4.89009E-01  5.97643E-01 -1.29726E-01
    8989.297     -7.220   0.450  5.07268E-01  6.30007E-01 -1.45290E-01
    8989.478     -7.039   0.500  5.24412E-01  6.62372E-01 -1.61891E-01
    8989.678     -6.839   0.550  5.33079E-01  6.90218E-01 -1.82619E-01
    8989.897     -6.620   0.600  5.41004E-01  7.18064E-01 -2.03805E-01
    8990.135     -6.381   0.650  5.40863E-01  7.41020E-01 -2.28084E-01
    8990.392     -6.124   0.700  5.41090E-01  7.63976E-01 -2.51467E-01
    8990.669     -5.848   0.750  5.36140E-01  7.82950E-01 -2.75682E-01
    8990.964     -5.553   0.800  5.33491E-01  8.01924E-01 -2.96875E-01
    8991.278     -5.238   0.850  5.29864E-01  8.17855E-01 -3.15482E-01
    8991.612     -4.905   0.900  5.31050E-01  8.33787E-01 -3.28517E-01
    8991.964     -4.553   0.950  5.35663E-01  8.47294E-01 -3.35240E-01
    8992.335     -4.181   1.000  5.47407E-01  8.60802E-01 -3.34241E-01
    8992.726     -3.791   1.050  5.66279E-01  8.72250E-01 -3.23834E-01
    8993.136     -3.381   1.100  5.93376E-01  8.83697E-01 -3.04947E-01
    8993.564     -2.953   1.150  6.29129E-01  8.93322E-01 -2.75734E-01
    8994.012     -2.505   1.200  6.72065E-01  9.02947E-01 -2.39441E-01
    8994.479     -2.038   1.250  7.22176E-01  9.10869E-01 -1.94693E-01
    8994.964     -1.552   1.300  7.76210E-01  9.18791E-01 -1.46371E-01
    8995.469     -1.048   1.350  8.33398E-01  9.25134E-01 -9.38202E-02
    8995.993     -0.524   1.400  8.89930E-01  9.31477E-01 -4.23316E-02
    8996.536      0.019   1.450  9.44527E-01  9.36378E-01  8.28211E-03
    8997.098      0.581   1.500  9.94040E-01  9.41279E-01  5.34894E-02
    8997.679      1.162   1.550  1.03714E+00  9.44874E-01  9.34119E-02
    8998.279      1.762   1.600  1.07199E+00  9.48468E-01  1.24895E-01
    8998.898      2.381   1.650  1.09816E+00  9.50916E-01  1.48841E-01
    8999.536      3.020   1.700  1.11405E+00  9.53363E-01  1.62383E-01
    9000.194      3.677   1.750  1.12106E+00  9.54830E-01  1.68076E-01
    9000.870      4.353   1.800  1.11925E+00  9.56296E-01  1.64860E-01
    9001.565      5.048   1.850  1.11003E+00  9.56935E-01  1.55082E-01
    9002.280      5.763   1.900  1.09574E+00  9.57575E-01  1.40135E-01
    9003.013      6.496   1.950  1.07796E+00  9.57472E-01  1.22432E-01
    9003.765      7.249   2.000  1.06048E+00  9.57370E-01  1.04956E-01
    9004.537      8.020   2.050  1.04412E+00  9.56590E-01  8.93089E-02
    9005.328      8.811   2.100  1.03273E+00  9.55810E-01  7.86817E-02
    9006.137      9.620   2.150  1.02682E+00  9.55030E-01  7.36036E-02
    9006.966     10.449   2.200  1.02547E+00  9.54250E-01  7.32059E-02
    9007.814     11.297   2.250  1.03134E+00  9.55942E-01  7.76970E-02
    9008.680     12.164   2.300  1.03639E+00  9.57634E-01  8.13733E-02
    9009.566     13.049   2.350  1.03685E+00  9.59326E-01  8.03169E-02
    9010.471     13.954   2.400  1.03040E+00  9.61018E-01  7.20810E-02
    9011.395     14.878   2.450  1.01992E+00  9.64316E-01  5.77910E-02
    9012.338     15.821   2.500  1.00264E+00  9.67613E-01  3.64161E-02
    9013.300     16.783   2.550  9.81357E-01  9.70911E-01  1.08659E-02
    9014.281     17.764   2.600  9.60298E-01  9.74209E-01 -1.44783E-02
    9015.281     18.764   2.650  9.41276E-01  9.75012E-01 -3.51041E-02
    9016.300     19.784   2.700  9.25882E-01  9.75816E-01 -5.19480E-02
    9017.338     20.822   2.750  9.15861E-01  9.76619E-01 -6.31963E-02
    9018.396     21.879   2.800  9.12278E-01  9.77422E-01 -6.77446E-02
    9019.472     22.955   2.850  9.12288E-01  9.78556E-01 -6.87789E-02
    9020.567     24.051   2.900  9.18817E-01  9.79690E-01 -6.30568E-02
    9021.682     25.165   2.950  9.30815E-01  9.80824E-01 -5.17025E-02
    9022.815     26.299   3.000  9.46570E-01  9.81959E-01 -3.65160E-02
    9023.968     27.451   3.050  9.63985E-01  9.83025E-01 -1.95974E-02
    9025.139     28.623   3.100  9.82513E-01  9.84092E-01 -1.62055E-03
    9026.330     29.813   3.150  9.99835E-01  9.85158E-01  1.50313E-02
    9027.540     31.023   3.200  1.01382E+00  9.86224E-01  2.81943E-02
    9028.768     32.252   3.250  1.02637E+00  9.87489E-01  3.96187E-02
    9030.016     33.500   3.300  1.03419E+00  9.88753E-01  4.61831E-02
    9031.283     34.766   3.350  1.03633E+00  9.90017E-01  4.69503E-02
    9032.569     36.052   3.400  1.03267E+00  9.91281E-01  4.18544E-02
    9033.874     37.357   3.450  1.02641E+00  9.92630E-01  3.40689E-02
    9035.198     38.681   3.500  1.01577E+00  9.93978E-01  2.19273E-02
    9036.541     40.024   3.550  1.00224E+00  9.95327E-01  6.93819E-03
    9037.903     41.386   3.600  9.87662E-01  9.96675E-01 -9.02286E-03
    9039.284     42.767   3.650  9.74244E-01  9.98029E-01 -2.37544E-02
    9040.684     44.167   3.700  9.62708E-01  9.99382E-01 -3.65432E-02
    9042.103     45.587   3.750  9.54472E-01  1.00073E+00 -4.59932E-02
    9043.542     47.025   3.800  9.50430E-01  1.00209E+00 -5.12400E-02
    9044.999     48.482   3.850  9.50485E-01  1.00330E+00 -5.22882E-02
    9046.475     49.959   3.900  9.54516E-01  1.00452E+00 -4.94037E-02
    9047.971     51.454   3.950  9.61575E-01  1.00574E+00 -4.35448E-02
    9049.485     52.969   4.000  9.70341E-01  1.00695E+00 -3.60303E-02
    9051.019     54.502   4.050  9.79689E-01  1.00790E+00 -2.77170E-02
    9052.571     56.055   4.100  9.88216E-01  1.00884E+00 -2.02337E-02
    9054.143     57.626   4.150  9.95043E-01  1.00978E+00 -1.44375E-02
    9055.734     59.217   4.200  9.99866E-01  1.01072E+00 -1.06187E-02
    9057.343     60.827   4.250  1.00314E+00  1.01138E+00 -8.05486E-03
    9058.972     62.455   4.300  1.00546E+00  1.01204E+00 -6.42916E-03
    9060.620     64.103   4.350  1.00790E+00  1.01270E+00 -4.68680E-03
    9062.287     65.770   4.400  1.01159E+00  1.01336E+00 -1.72406E-03
    9063.973     67.456   4.450  1.01698E+00  1.01359E+00  3.30076E-03
    9065.678     69.161   4.500  1.02463E+00  1.01382E+00  1.05348E-02
    9067.402     70.885   4.550  1.03436E+00  1.01405E+00  1.97812E-02
    9069.145     72.628   4.600  1.04540E+00  1.01429E+00  3.02957E-02
    9070.907     74.390   4.650  1.05566E+00  1.01411E+00  4.04623E-02
    9072.688     76.171   4.700  1.06444E+00  1.01393E+00  4.91965E-02
    9074.488     77.972   4.750  1.07053E+00  1.01374E+00  5.53039E-02
    9076.308     79.791   4.800  1.07302E+00  1.01356E+00  5.79053E-02
    9078.146     81.629   4.850  1.07100E+00  1.01319E+00  5.63278E-02
    9080.003     83.487   4.900  1.06529E+00  1.01282E+00  5.11560E-02
    9081.880     85.363   4.950  1.05654E+00  1.01245E+00  4.30038E-02
    9083.775     87.258   5.000  1.04565E+00  1.01208E+00  3.27581E-02
    9085.690     89.173   5.050  1.03330E+00  1.01138E+00  2.14108E-02
    9087.623     91.106   5.100  1.02083E+00  1.01067E+00  9.92747E-03
    9089.576     93.059   5.150  1.00883E+00  1.00996E+00 -1.10640E-03
    9091.547     95.031   5.200  9.97626E-01  1.00926E+00 -1.13809E-02
    9093.538     97.021   5.250  9.87211E-01  1.00840E+00 -2.07480E-02
    9095.548     99.031   5.300  9.77620E-01  1.00755E+00 -2.93195E-02
    9097.577    101.060   5.350  9.68828E-01  1.00669E+00 -3.71195E-02
    9099.625    103.108   5.400  9.60957E-01  1.00583E+00 -4.40245E-02
    9101.692    105.175   5.450  9.54611E-01  1.00514E+00 -4.96035E-02
    9103.777    107.261   5.500  9.50016E-01  1.00445E+00 -5.34686E-02
    9105.883    109.366   5.550  9.47721E-01  1.00375E+00 -5.50784E-02
    9108.007    111.490   5.600  9.48180E-01  1.00306E+00 -5.39817E-02
    9110.150    113.633   5.650  9.51740E-01  1.00239E+00 -4.98511E-02
    9112.312    115.795   5.700  9.58110E-01  1.00172E+00 -4.29478E-02
    9114.493    117.976   5.750  9.66794E-01  1.00106E+00 -3.37575E-02
    9116.693    120.177   5.800  9.77014E-01  1.00039E+00 -2.30442E-02
    9118.913    122.396   5.850  9.87927E-01  9.99801E-01 -1.17097E-02
    9121.151    124.634   5.900  9.98573E-01  9.99212E-01 -6.30180E-04
    9123.408    126.892   5.950  1.00833E+00  9.98622E-01  9.57671E-03
    9125.685    129.168   6.000  1.01688E+00  9.98032E-01  1.86061E-02
    9127.980    131.464   6.050  1.02457E+00  9.97742E-01  2.64919E-02
    9130.295    133.778   6.100  1.03132E+00  9.97451E-01  3.34591E-02
    9132.629    136.112   6.150  1.03740E+00  9.97160E-01  3.97591E-02
    9134.981    138.465   6.200  1.04290E+00  9.96869E-01  4.54828E-02
    9137.353    140.836   6.250  1.04759E+00  9.96578E-01  5.04193E-02
    9139.744    143.227   6.300  1.05092E+00  9.96288E-01  5.40096E-02
    9142.154    145.637   6.350  1.05204E+00  9.95997E-01  5.54186E-02
    9144.582    148.066   6.400  1.05002E+00  9.95706E-01  5.37186E-02
    9147.030    150.514   6.450  1.04408E+00  9.95415E-01  4.81421E-02
    9149.497    152.981   6.500  1.03387E+00  9.95124E-01  3.83422E-02
    9151.983    155.467   6.550  1.01943E+00  9.94833E-01  2.43512E-02
    9154.488    157.972   6.600  1.00195E+00  9.94541E-01  7.33457E-03
    9157.012    160.496   6.650  9.83127E-01  9.94249E-01 -1.10196E-02
    9159.556    163.039   6.700  9.65072E-01  9.93957E-01 -2.86319E-02
    9162.118    165.601   6.750  9.49911E-01  9.93665E-01 -4.33897E-02
    9164.699    168.182   6.800  9.39415E-01  9.93373E-01 -5.35315E-02
    9167.299    170.783   6.850  9.34670E-01  9.93081E-01 -5.79740E-02
    9169.919    173.402   6.900  9.35881E-01  9.92790E-01 -5.65068E-02
    9172.557    176.041   6.950  9.42352E-01  9.92498E-01 -4.98133E-02
    9175.215    178.698   7.000  9.52644E-01  9.92206E-01 -3.93160E-02
    9177.891    181.375   7.050  9.64522E-01  9.91508E-01 -2.68460E-02
    9180.587    184.070   7.100  9.76397E-01  9.90810E-01 -1.43532E-02
    9183.301    186.785   7.150  9.86557E-01  9.90112E-01 -3.54309E-03
    9186.035    189.518   7.200  9.93872E-01  9.89414E-01  4.44899E-03
    9188.788    192.271   7.250  9.97930E-01  9.88716E-01  9.20486E-03
    9191.560    195.043   7.300  9.99026E-01  9.88017E-01  1.10089E-02
    9194.350    197.834   7.350  9.97998E-01  9.87319E-01  1.06900E-02
    9197.160    200.644   7.400  9.95969E-01  9.86621E-01  9.36771E-03
    9199.989    203.472   7.450  9.94063E-01  9.85923E-01  8.16533E-03
    9202.837    206.320   7.500  9.93147E-01  9.85225E-01  7.95524E-03
    9205.704    209.187   7.550  9.93274E-01  9.84067E-01  9.25928E-03
    9208.590    212.073   7.600  9.94802E-01  9.82909E-01  1.19792E-02
    9211.495    214.979   7.650  9.97254E-01  9.81751E-01  1.56405E-02
    9214.419    217.903   7.700  9.99855E-01  9.80593E-01  1.94632E-02
    9217.363    220.846   7.750  1.00172E+00  9.79435E-01  2.25548E-02
    9220.325    223.808   7.800  1.00206E+00  9.78277E-01  2.41113E-02
    9223.306    226.790   7.850  1.00035E+00  9.77120E-01  2.35838E-02
    9226.307    229.790   7.900  9.96400E-01  9.75962E-01  2.07814E-02
    9229.326    232.809   7.950  9.90412E-01  9.74804E-01  1.58959E-02
    9232.364    235.848   8.000  9.82911E-01  9.73646E-01  9.45108E-03
    9235.422    238.905   8.050  9.74676E-01  9.72516E-01  2.20646E-03
    9238.499    241.982   8.100  9.66411E-01  9.71386E-01 -5.08978E-03
    9241.594    245.077   8.150  9.58881E-01  9.70257E-01 -1.16534E-02
    9244.709    248.192   8.200  9.52696E-01  9.69127E-01 -1.68563E-02
    9247.843    251.326   8.250  9.48233E-01  9.67998E-01 -2.03047E-02
    9250.995    254.479   8.300  9.45612E-01  9.66868E-01 -2.18680E-02
    9254.167    257.650   8.350  9.44716E-01  9.65739E-01 -2.16597E-02
    9257.358    260.841   8.400  9.45244E-01  9.64609E-01 -1.99804E-02
    9260.568    264.051   8.450  9.46796E-01  9.63479E-01 -1.72382E-02
    9263.797    267.280   8.500  9.48951E-01  9.62350E-01 -1.38646E-02
    9267.045    270.528   8.550  9.51471E-01  9.61424E-01 -1.03107E-02
    9270.312    273.795   8.600  9.53982E-01  9.60497E-01 -6.75788E-03
    9273.598    277.081   8.650  9.56301E-01  9.59571E-01 -3.39647E-03
    9276.903    280.386   8.700  9.58336E-01  9.58645E-01 -3.21670E-04
    9280.227    283.711   8.750  9.60060E-01  9.57719E-01  2.43771E-03
    9283.571    287.054   8.800  9.61476E-01  9.56792E-01  4.88132E-03
    9286.933    290.416   8.850  9.62576E-01  9.55866E-01  7.00235E-03
    9290.314    293.798   8.900  9.63330E-01  9.54940E-01  8.76596E-03
    9293.715    297.198   8.950  9.63674E-01  9.54014E-01  1.01062E-02
    9297.134    300.618   9.000  9.63533E-01  9.53087E-01  1.09408E-02
    9300.573    304.056   9.050  9.63129E-01  9.52322E-01  1.13300E-02
    9304.030    307.514   9.100  9.62144E-01  9.51557E-01  1.11103E-02
    9307.507    310.990   9.150  9.60569E-01  9.50791E-01  1.02708E-02
    9311.003    314.486   9.200  9.58459E-01  9.50026E-01  8.86687E-03
    9314.517    318.001   9.250  9.55929E-01  9.49261E-01  7.01804E-03
    9318.051    321.534   9.300  9.53137E-01  9.48495E-01  4.89046E-03
    9321.604    325.087   9.350  9.50261E-01  9.47730E-01  2.66895E-03
    9325.176    328.659   9.400  9.47464E-01  9.46965E-01  5.26798E-04
    9328.767    332.250   9.450  9.44876E-01  9.46199E-01 -1.39856E-03
    9332.377    335.860   9.500  9.42580E-01  9.45434E-01 -3.01868E-03
    9336.006    339.489   9.550  9.40479E-01  9.44591E-01 -4.35304E-03
    9339.654    343.137   9.600  9.38701E-01  9.43748E-01 -5.34841E-03
    9343.321    346.804   9.650  9.37227E-01  9.42905E-01 -6.02246E-03
    9347.007    350.490   9.700  9.36029E-01  9.42062E-01 -6.40590E-03
    9350.712    354.195   9.750  9.35078E-01  9.41219E-01 -6.52654E-03
    9354.436    357.920   9.800  9.34360E-01  9.40376E-01 -6.39996E-03
    9358.180    361.663   9.850  9.33871E-01  9.39534E-01 -6.02880E-03
    9361.942    365.425   9.900  9.33614E-01  9.38691E-01 -5.41029E-03
    9365.723    369.207   9.950  9.33584E-01  9.37848E-01 -4.54832E-03
    9369.524    373.007  10.000  9.33759E-01  9.37005E-01 -3.46573E-03
    9373.343    376.827  10.050  9.33823E-01  9.35942E-01 -2.26550E-03
    9377.182    380.665  10.100  9.34014E-01  9.34880E-01 -9.26416E-04
    9381.040    384.523  10.150  9.34259E-01  9.33817E-01  4.72580E-04
    9384.916    388.400  10.200  9.34466E-01  9.32755E-01  1.83451E-03
    9388.812    392.295  10.250  9.34538E-01  9.31693E-01  3.05475E-03
    9392.727    396.210  10.300  9.34384E-01  9.30630E-01  4.03459E-03
    9396.660    400.144  10.350  9.33932E-01  9.29568E-01  4.69535E-03
    9400.613    404.097  10.400  9.33138E-01  9.28505E-01  4.99033E-03
    9404.585    408.069  10.450  9.31998E-01  9.27443E-01  4.91210E-03
    9408.576    412.060  10.500  9.30543E-01  9.26380E-01  4.49370E-03
    9412.586    416.070  10.550  9.28837E-01  9.25318E-01  3.80339E-03
    9416.615    420.099  10.600  9.26967E-01  9.24255E-01  2.93390E-03
    9420.663    424.147  10.650  9.25029E-01  9.23193E-01  1.98809E-03
    9424.731    428.214  10.700  9.23112E-01  9.22131E-01  1.06368E-03
    9428.817    432.300  10.750  9.21289E-01  9.21068E-01  2.39753E-04
    9432.922    436.405  10.800  9.19608E-01  9.20006E-01 -4.32499E-04
    9437.046    440.530  10.850  9.18085E-01  9.18943E-01 -9.33337E-04
    9441.190    444.673  10.900  9.16713E-01  9.17881E-01 -1.27182E-03
    9445.352    448.835  10.950  9.15463E-01  9.16818E-01 -1.47791E-03
    9449.534    453.017  11.000  9.14298E-01  9.15756E-01 -1.59120E-03
    9453.734    457.217  11.050  9.13192E-01  9.14745E-01 -1.69655E-03
    9457.954    461.437  11.100  9.12117E-01  9.13734E-01 -1.76891E-03
    9462.192    465.676  11.150  9.11060E-01  9.12723E-01 -1.82130E-03
    9466.450    469.933  11.200  9.10022E-01  9.11713E-01 -1.85239E-03
    9470.727    474.210  11.250  9.09018E-01  9.10702E-01 -1.84738E-03
    9475.022    478.506  11.300  9.08068E-01  9.09691E-01 -1.78263E-03
    9479.337    482.820  11.350  9.07195E-01  9.08680E-01 -1.63308E-03
    9483.671    487.154  11.400  9.06415E-01  9.07669E-01 -1.38048E-03
    9488.024    491.507  11.450  9.05732E-01  9.06659E-01 -1.02058E-03
    9492.396    495.879  11.500  9.05133E-01  9.05648E-01 -5.67329E-04
    9496.787    500.270  11.550  9.04589E-01  9.04637E-01 -5.30693E-05
    9501.197    504.680  11.600  9.04057E-01  9.03626E-01  4.75515E-04
    9505.626    509.109  11.650  9.03488E-01  9.02615E-01  9.64849E-04
    9510.074    513.558  11.700  9.02836E-01  9.01605E-01  1.36369E-03
    9514.541    518.025  11.750  9.02066E-01  9.00594E-01  1.63207E-03
    9519.028    522.511  11.800  9.01159E-01  8.99583E-01  1.74809E-03
    9523.533    527.016  11.850  9.00113E-01  8.98572E-01  1.71108E-03
    9528.057    531.541  11.900  8.98947E-01  8.97561E-01  1.54060E-03
    9532.601    536.084  11.950  8.97693E-01  8.96551E-01  1.27175E-03
    9537.163    540.647  12.000  8.96391E-01  8.95540E-01  9.47944E-04
    9541.745    545.228  12.050  8.94983E-01  8.94414E-01  6.34560E-04
    9546.345    549.829  12.100  8.93573E-01  8.93288E-01  3.18066E-04
    9550.965    554.448  12.150  8.92185E-01  8.92162E-01  2.62774E-05
    9555.604    559.087  12.200  8.90838E-01  8.91036E-01 -2.21268E-04
    9560.261    563.745  12.250  8.89540E-01  8.89909E-01 -4.14420E-04
    9564.938    568.421  12.300  8.88292E-01  8.88783E-01 -5.51706E-04
    9569.634    573.117  12.350  8.87089E-01  8.87657E-01 -6.38221E-04
    9574.349    577.832  12.400  8.85924E-01  8.86531E-01 -6.82779E-04
    9579.083    582.566  12.450  8.84788E-01  8.85405E-01 -6.95036E-04
    9583.835    587.319  12.500  8.83673E-01  8.84279E-01 -6.83199E-04
    9588.607    592.091  12.550  8.82575E-01  8.83153E-01 -6.52714E-04
    9593.399    596.882  12.600  8.81491E-01  8.82027E-01 -6.06048E-04
    9598.209    601.692  12.650  8.80421E-01  8.80901E-01 -5.43444E-04
    9603.038    606.521  12.700  8.79365E-01  8.79775E-01 -4.64267E-04
    9607.886    611.369  12.750  8.78324E-01  8.78649E-01 -3.68542E-04
    9612.753    616.237  12.800  8.77295E-01  8.77523E-01 -2.58210E-04
    9617.640    621.123  12.850  8.76275E-01  8.76397E-01 -1.37805E-04
    9622.545    626.028  12.900  8.75258E-01  8.75270E-01 -1.43663E-05
    9627.469    630.953  12.950  8.74235E-01  8.74144E-01  1.03360E-04
    9632.413    635.896  13.000  8.73199E-01  8.73018E-01  2.06243E-04
    9637.375    640.859  13.050  8.72063E-01  8.71801E-01  2.99853E-04
    9642.357    645.840  13.100  8.70910E-01  8.70584E-01  3.72656E-04
    9647.357    650.841  13.150  8.69733E-01  8.69367E-01  4.19262E-04
    9652.377    655.860  13.200  8.68531E-01  8.68150E-01  4.36810E-04
    9657.416    660.899  13.250  8.67303E-01  8.66933E-01  4.25306E-04
    9662.474    665.957  13.300  8.66053E-01  8.65716E-01  3.87516E-04
    9667.550    671.034  13.350  8.64784E-01  8.64499E-01  3.28453E-04
    9672.646    676.130  13.400  8.63503E-01  8.63283E-01  2.54568E-04
    9677.761    681.244  13.450  8.62215E-01  8.62066E-01  1.72829E-04
    9682.895    686.378  13.500  8.60926E-01  8.60849E-01  8.98427E-05
    9688.048    691.531  13.550  8.59641E-01  8.59632E-01  1.11944E-05
    9693.220    696.703  13.600  8.58364E-01  8.58415E-01 -5.89174E-05
    9698.411    701.895  13.650  8.57096E-01  8.57198E-01 -1.17741E-04
    9703.621    707.105  13.700  8.55840E-01  8.55981E-01 -1.63785E-04
    9708.851    712.334  13.750  8.54595E-01  8.54764E-01 -1.96498E-04
    9714.099    717.582  13.800  8.53362E-01  8.53547E-01 -2.15940E-04
    9719.366    722.849  13.850  8.52139E-01  8.52330E-01 -2.22556E-04
    9724.653    728.136  13.900  8.50927E-01  8.51113E-01 -2.17083E-04
    9729.958    733.441  13.950  8.49725E-01  8.49896E-01 -2.00609E-04
    9735.282    738.766  14.000  8.48530E-01  8.48679E-01 -1.74694E-04
    9740.626    744.109  14.050  8.47377E-01  8.47503E-01 -1.48020E-04
    9745.988    749.472  14.100  8.46230E-01  8.46327E-01 -1.14196E-04
    9751.370    754.853  14.150  8.45087E-01  8.45151E-01 -7.52946E-05
    9756.771    760.254  14.200  8.43946E-01  8.43974E-01 -3.38556E-05
    9762.190    765.674  14.250  8.42804E-01  8.42798E-01  7.31434E-06
    9767.629    771.112  14.300  8.41661E-01  8.41622E-01  4.54168E-05
    9773.087    776.570  14.350  8.40512E-01  8.40446E-01  7.79672E-05
    9778.564    782.047  14.400  8.39357E-01  8.39270E-01  1.03068E-04
    9784.060    787.543  14.450  8.38194E-01  8.38094E-01  1.19595E-04
    9789.575    793.058  14.500  8.37025E-01  8.36918E-01  1.27260E-04
    9795.109    798.592  14.550  8.35848E-01  8.35742E-01  1.26553E-04
    9800.662    804.145  14.600  8.34665E-01  8.34566E-01  1.18580E-04
    9806.234    809.717  14.650  8.33477E-01  8.33389E-01  1.04839E-04
    9811.825    815.308  14.700  8.32286E-01  8.32213E-01  8.69965E-05
    9817.435    820.918  14.750  8.31093E-01  8.31037E-01  6.66950E-05
    9823.064    826.548  14.800  8.29899E-01  8.29861E-01  4.54242E-05
    9828.713    832.196  14.850  8.28705E-01  8.28685E-01  2.44633E-05
    9834.380    837.863  14.900  8.27513E-01  8.27509E-01  4.87687E-06
    9840.066    843.550  14.950  8.26322E-01  8.26333E-01 -1.24611E-05
    9845.772    849.255  15.000  8.25134E-01  8.25157E-01 -2.68426E-05
