   1.5073304634542688E-004  -1.3315707652469819E-006   7.4439141368506308E-006   8.5181933692568204E-006   647.08308981919515     
   1.5846129489165505E-004   6.6199744249297378E-006   3.8148133892105737E-006   7.7234170369240985E-006   725.91028814119466     
   1.6658577921391449E-004  -1.3112111300713381E-006   7.3941504846629903E-006   8.2751715313042679E-006   519.88985317922868     
   1.7512681475486631E-004   7.2420064861971464E-006   3.5376074173829054E-006   7.4093083696377909E-006   595.25529583808520     
   1.8410575855218897E-004  -1.0813888335551958E-006   7.3470303352540766E-006   8.0358904393114711E-006   423.92257636749656     
   1.9354506264229938E-004   7.8677918485101048E-006   3.2497453313878579E-006   7.0893251932175547E-006   487.77059868613208     
   2.0346833020213646E-004  -9.5752199621145574E-007   7.3030587964044663E-006   7.7964125847491053E-006   343.16928267076304     
   2.1390037456939866E-004   8.6874126124337559E-006   2.9498169720027726E-006   6.7601601863574270E-006   403.46857265048106     
   2.2486728128881411E-004  -5.6016998101173480E-007   7.2622918535928162E-006   7.5551045318163402E-006   283.20401094601095     
   2.3639647333958716E-004   9.5279723382444854E-006   2.6369230481030092E-006   6.4201447105716807E-006   333.64666617879851     
   2.4851677970713350E-004  -2.7124199032471612E-007   7.2267054137583865E-006   7.3119655445894773E-006   231.99528366766876     
   2.6125850747055727E-004   1.0625404240714142E-005   2.3099073570295530E-006   6.0686510164349779E-006   279.27083177110381     
   2.7465351758613609E-004   3.7698025906618590E-007   7.1971354155952095E-006   7.0680107270501287E-006   194.88281773408647     
   2.8873530455630913E-004   1.1772878428512686E-005   1.9680559380773670E-006   5.7057533600198213E-006   233.92792204535803     
   3.0353908018337597E-004   9.2322052122938173E-007   7.1771489861064203E-006   6.8252085818534323E-006   162.60731075036600     
   3.1910186161734775E-004   1.3263973066487450E-005   1.6099674958189277E-006   5.3315955811949513E-006   198.95359485964198     
   3.3546256391809968E-004   1.9444644334069318E-006   7.1683786599020109E-006   6.5861340018689892E-006   139.98746251378688     
   3.5266209736329235E-004   1.4852601680595762E-005   1.2349431722268076E-006   4.9466066263674144E-006   169.53120154562592     
   3.7074346974537675E-004   2.8851805142333480E-006   7.1758744465276575E-006   6.3538558497219691E-006   119.80388482803332     
   3.8975189391347344E-004   1.6904795397394239E-005   8.4104341805307575E-007   4.5511321190944167E-006   147.09844175677807     
   4.0973490082904897E-004   4.4582613529790148E-006   7.2018070343085497E-006   6.1321806627308165E-006   106.28140347578909     
   4.3074245841807571E-004   1.9129909508400609E-005   4.2732448955868464E-007   4.1453898214470017E-006   127.99623141134018     
   4.5282709651687429E-004   5.9964628130153556E-006   7.2528881714793266E-006   5.9253503517552993E-006   93.747413596075745     
   4.7604403822406645E-004   2.1985739491618887E-005  -8.8892461367147044E-009   3.7293352241528707E-006   113.62591664108359     
   5.0045133798708413E-004   8.3821609210999948E-006   7.3315375849881910E-006   5.7382758032362656E-006   85.841490212126004     
   5.2611002676852998E-004   2.5131339452654005E-005  -4.6876232855398771E-007   3.3024131233882581E-006   101.18073418804316     
   5.5308426465537186E-004   1.0816599092427384E-005   7.4464026066105455E-006   5.5762174484219485E-006   78.079180706477075     
   5.8144150129257964E-004   2.9141297269961794E-005  -9.5600484018800279E-007   2.8635136263428763E-006   91.955582395297057     
   6.1125264454237212E-004   1.4393935147715116E-005   7.5999644833786026E-006   5.4452192229224414E-006   73.558949679069116     
   6.4259223779080342E-004   3.3619455234537205E-005  -1.4724044447918887E-006   2.4108116545516565E-006   83.779299286493568     
   6.7553864634506064E-004   1.8162072856942034E-005   7.8027822732293016E-006   5.3517852584584776E-006   68.719016679840010     
   7.1017425338754689E-004   3.9289524154150330E-005  -2.0229958129764227E-006   1.9414342573116258E-006   77.809369060850955     
   7.4658566597675055E-004   2.3480254825310567E-005   8.0562219281158131E-006   5.3032567857354329E-006   66.171518260727169     
   7.8486393161000324E-004   4.5696386035202100E-005  -2.6094210108409510E-006   1.4516422346725174E-006   72.355066114984297     
   8.2510476588964468E-004   2.9218944317688936E-005   8.3741988655144910E-006   5.3068624126266532E-006   63.077700898666706     
   8.6740879186188928E-004   5.3754317000146843E-005  -3.2389137454002940E-006   9.3696480389464975E-007   68.426599157329221     
   9.1188179162685057E-004   3.7069705581281716E-005   8.7565201370586041E-006   5.3724267468396399E-006   61.625228185529572     
   9.5863497084889215E-004   6.2948109706104520E-005  -3.9131750358489738E-006   3.9018168931394519E-007   64.696766676287865     
   1.0077852368287135E-003   4.5699959582882620E-005   9.2211018303875487E-006   5.5096746686514759E-006   59.545071964257893     
   1.0594554908324924E-003   7.4436356837282166E-005  -4.6420912546702197E-006  -1.9672069520568539E-007   62.031338001112765     
   1.1137749354090728E-003   5.7218336197067412E-005   9.7652946006121908E-006   5.7297686357431499E-006   58.655091973663701     
   1.1708793974636322E-003   8.7646138538656235E-005  -5.4271113133725826E-006  -8.3354272873848709E-007   59.384419512974354     
   1.2309116678956896E-003   7.0062852334096945E-005   1.0412699173679672E-005   6.0456167453386822E-006   57.137260739052174     
   1.2940218586507430E-003   1.0404887185891566E-004  -6.2815563912140884E-006  -1.5328058071162082E-006   57.487648432740144     
   1.3603677780783068E-003   8.6864433181136456E-005   1.1157343843428244E-005   6.4714888611628742E-006   56.494135473884640     
   1.4301153255349970E-003   1.2302105464034595E-004  -7.2058900668243122E-006  -2.3092273461660571E-006   55.511391502486212     
   1.5034389062193320E-003   1.0580457089368045E-004   1.2031223876405340E-005   7.0246211565835419E-006   55.265946780425743     
   1.5805218672755657E-003   1.4643397813882161E-004  -8.2177599784976892E-006  -3.1804472006828875E-006   54.067944619867873     
   1.6615569562570659E-003   1.3016847287288566E-004   1.3023154204376328E-005   7.7241545141027752E-006   54.688332019810105     
   1.7467468030955748E-003   1.7362695007011066E-004  -9.3157048451280503E-006  -4.1676953464730880E-006   52.496243005109818     
   1.8363044267815996E-003   1.5785251901510373E-004   1.4177810586767121E-005   8.5937036301688080E-006   53.587191699820565     
   1.9304537680228399E-003   2.0697889292810545E-004  -1.0522824255818090E-005  -5.2960451245516645E-006   51.303782748110045     
   2.0294302492125955E-003   1.9295619158508098E-004   1.5476723570304061E-005   9.6596031788874306E-006   52.973524169968613     
   2.1334813631083945E-003   2.4581091423848137E-004  -1.1832978233720688E-005  -6.5949722775159495E-006   49.962380054136020     
   2.2428672916927758E-003   2.3306013419793119E-004   1.6983750460477500E-005   1.0954580218856128E-005   51.902263543370118     
   2.3578615567637876E-003   2.9313783639776047E-004  -1.3275962185629821E-005  -8.1000171221116936E-006   48.888975486251496     
   2.4787517038819479E-003   2.8326684319947363E-004   1.8670586152672368E-005   1.2515198387540919E-005   51.196395801294479     
   2.6058400213839102E-003   3.4828524094229931E-004  -1.4836679103684818E-005  -9.8518417303075329E-006   47.660945886581686     
   2.7394442962607869E-003   3.4080461948364575E-004   2.0629610250462429E-005   1.4387481427353098E-005   50.095567103919251     
   2.8798986087911226E-003   4.1504953176754598E-004  -1.6552106441290850E-005  -1.1900477763788312E-005   46.618292064016295     
   3.0275541679156293E-003   4.1199023468871068E-004   2.2820000560593606E-005   1.6622286064950388E-005   49.266071830835429     
   3.1827801894424670E-003   4.9277583435949207E-004  -1.8390638356682115E-005  -1.4302152099411507E-005   45.422627562062296     
   3.3459648192790685E-003   4.9364295138900444E-004   2.5378384436801979E-005   1.9284461171259008E-005   48.097154531304682     
   3.5175161039991141E-003   5.8619237087987881E-004  -2.0393872431248283E-005  -1.7126816099489512E-005   44.349545441551456     
   3.6978630111714683E-003   5.9351338516794912E-004   2.8249574261733550E-005   2.2444772851096899E-005   47.125397122216306     
   3.8874565020025746E-003   6.9464828577286335E-004  -2.2499370727610749E-005  -2.0451727606096377E-005   43.128241494722609     
   4.0867706589743525E-003   7.0790722131247586E-004   3.1641222820304733E-005   2.6195250395791286E-005   45.861587874291502     
   4.2963038712973290E-003   8.2392964306522828E-004  -2.4746216978669891E-005  -2.4374545457829827E-005   41.980897741700268     
   4.5165800811433031E-003   8.4620491134953146E-004   3.5484181453588620E-005   3.0632731826951321E-005   44.735590630107801     
   4.7481500937736308E-003   9.7330408215128906E-004  -2.7013892731481499E-005  -2.9002016897795027E-005   40.691425374963778     
   4.9915929548393252E-003   1.0039961383353085E-003   4.0103276621938313E-005   3.5888543350628710E-005   43.357233767340176     
   5.2475173982967794E-003   1.1496580508753920E-003  -2.9319740122990891E-005  -3.4470492339906298E-005   39.438063739894638     
   5.5165633685597100E-003   1.1923941271810275E-003   4.5426995288038734E-005   4.2093442885395558E-005   42.069133184575534     
   5.7994036206935832E-003   1.3519501271899942E-003  -3.1430897572567651E-005  -4.0925491581042127E-005   38.049688154852433     
   6.0967454026536255E-003   1.4058951033402121E-003   5.1978583783269877E-005   4.9435103746844418E-005   40.562350637012308     
   6.4093322237731599E-003   1.5880257394527625E-003  -3.3298000364837628E-005  -4.8557636851599311E-005   36.668624028830898     
   6.7379457139241945E-003   1.6572403403177986E-003   5.9721548524544789E-005   5.8090066604510896E-005   39.108599157226941     
   7.0834075779992126E-003   1.8560491776425068E-003  -3.4473615236536487E-005  -5.7562361894493589E-005   35.161144237941059     
   7.4465816506014745E-003   1.9391600780854876E-003   6.9521321866462520E-005   6.8324673037156936E-005   37.466049157656435     
   7.8283760560813945E-003   2.1643575290924760E-003  -3.4741875687197998E-005  -6.8206945465093590E-005   33.640839947631271     
   8.2297454793205001E-003   2.2655424661308112E-003   8.1469809234863041E-005   8.0375703310701794E-005   35.849241938273600     
   8.6516935529408878E-003   2.5094072207214003E-003  -3.3247075659380279E-005  -8.0750840384829581E-005   32.005388870522246     
   9.0952753669095530E-003   2.6262073950727438E-003   9.7038202725801927E-005   9.4623838189077369E-005   34.072278838812935     
   9.5616001068128485E-003   2.8990409227999414E-003  -2.9395445375283788E-005  -9.5563281764428866E-005   30.346187892770306     
   1.0051833827398250E-002   3.0351360506610061E-003   1.1665313796288800E-004   1.1138185206542813E-004   32.304361524358242     
   1.0567202368318563E-002   3.3264643005813232E-003  -2.1557560674983333E-005  -1.1297882835633807E-004   28.587655369950681     
   1.1108994419369571E-002   3.4774310348528654E-003   1.4286956523059473E-004   1.3120541744709047E-004   30.406547365216870     
   1.1678564742885790E-002   3.7973138840177874E-003  -8.3470562726316281E-006  -1.3350013859109413E-004   26.804615249884840     
   1.2277337561351921E-002   3.9653233237420382E-003   1.7687492648137769E-004   1.5450602585507719E-004   28.512701854326682     
   1.2906810118700974E-002   4.2992540203194473E-003   1.3314171124530367E-005  -1.5753286920955779E-004   24.944916174041538     
   1.3568556424203930E-002   4.4766628205232771E-003   2.2315509116583470E-004   1.8211230233766001E-004   26.523772866884666     
   1.4264231188312809E-002   4.8331741672580815E-003   4.6387141220778691E-005  -1.8574145084117571E-004   23.071448873016113     
   1.4995573960298693E-002   5.0192574850052973E-003   2.8448000257127028E-004   2.1457653578613368E-004   24.546647814991545     
   1.5764413478030960E-002   5.3782325556977527E-003   9.6596414291184347E-005  -2.1855005202092210E-004   21.152777646948657     
   1.6572672240774574E-002   5.5606541775502522E-003   3.6873010835917748E-004   2.5319465752787583E-004   22.516307850481905     
   1.7422371316439582E-002   5.9275316119901276E-003   1.6987770885893371E-004  -2.5675690183825606E-004   19.243825365916294     
   1.8315635395303648E-002   6.1011827204645232E-003   4.8172796904583548E-004   2.9877710571054206E-004   20.519437290208476     
   1.9254698102844373E-002   6.4488157534580435E-003   2.7661495115391779E-004  -3.0060886452510743E-004   17.331326645539960     
   2.0241907584966551E-002   6.5954756460927166E-003   6.3713482171142484E-004   3.5349919005052063E-004   18.519645860508611     
   2.1279732379589938E-002   6.9249676348747940E-003   4.2802365615253528E-004  -3.5083823513852054E-004   15.464774719872995     
   2.2370767589279892E-002   7.0343657718007968E-003   8.4622036616682761E-004   4.1876594744876932E-004   16.588316385332611     
   2.3517741370355512E-002   7.3112902504483927E-003   6.4226178722525729E-004  -4.0691565783868965E-004   13.646044474390786     
   2.4723521754701414E-002   7.3596907927329707E-003   1.1319999369390670E-003   4.9861582416671577E-004   14.712213447075710     
   2.5991123821341430E-002   7.5811944746102099E-003   9.3921499000801595E-004  -4.6873558511463634E-004   11.920158999861334     
   2.7323717235706597E-002   7.5546850594271076E-003   1.5145905817746795E-003   5.9609679653345547E-004   12.949997108892077     
   2.8724634175449733E-002   7.6818942589509864E-003   1.3490297931222789E-003  -5.3326139789314740E-004   10.300045673853427     
   3.0197377662625272E-002   7.5551615049147718E-003   2.0309401508596930E-003   7.1958050392013017E-004   11.305183590938375     
   3.1745630323068923E-002   7.5854138137409922E-003   1.9043113663649921E-003  -5.9713522893334206E-004   8.8249988065954721     
   3.3373263594880617E-002   7.3470670398501246E-003   2.7136890405694272E-003   8.7683056325552186E-004   9.8237198848903766     
   3.5084347409036189E-002   7.2454137568663248E-003   2.6514503168518474E-003  -6.5011210624381268E-004   7.5132318897489965     
   3.6883160366334787E-002   6.8785621880490940E-003   3.6178234989721505E-003   1.0868561122101754E-003   8.5181083861927753     
   3.8774200436129516E-002   6.6526640519935214E-003   3.6384423336187593E-003  -6.7869605657458487E-004   6.3948261864524696     
   4.0762196203593573E-002   6.1612869148289229E-003   4.7897993403888872E-003   1.3707295350701713E-003   7.4191349209061404     
   4.2852118693646413E-002   5.7957408063149902E-003   4.9288150075552147E-003  -6.5306199024388410E-004   5.4860635049167392     
   4.5049193801105177E-002   5.1883702423559629E-003   6.3019977906637508E-003   1.7741020633504760E-003   6.5394806017524036     
   4.7358915358143815E-002   4.7173048111997327E-003   6.5820514769655454E-003  -5.3115688727134371E-004   4.8028233077321163     
   4.9787058871735207E-002   4.0316734517382826E-003   8.2073150302331421E-003   2.3540662035386427E-003   5.8909461389617244     
   5.2339695965426716E-002   3.4795149973222018E-003   8.6689486210054061E-003  -2.3252952117095468E-004   4.3519897195657515     
   5.5023209561561898E-002   2.7690748077854295E-003   1.0581506485610393E-002   3.2220771608666016E-003   5.4780815737891988     
   5.7844309841910892E-002   2.2119307444484768E-003   1.1240260427535937E-002   3.5943054060932038E-004   4.1307534358355698     
   6.0810051026620092E-002   1.5628367298343969E-003   1.3457226492026634E-002   4.5273225808652373E-003   5.2909389628617767     
   6.3927849013436913E-002   1.0780391153841302E-003   1.4341780666478498E-002   1.4493945599734191E-003   4.1315977469803506     
   6.7205499921316733E-002   5.9549359475364238E-004   1.6874128874224320E-002   6.5379346415267384E-003   5.3211858452778733     
   7.0651199584781429E-002   2.9828161699252089E-004   1.7966964850190757E-002   3.3353597871572690E-003   4.3324479784065648     
   7.4273564047774465E-002   1.0676894605388822E-004   2.0787206813601512E-002   9.6234448630479318E-003   5.5389866005725157     
   7.8081651108258682E-002   1.0972930927661184E-004   2.2072075995530641E-002   6.5084415180417981E-003   4.7124503319864512     
   8.2084982967429360E-002   3.3458961591060761E-004   2.5127571263301781E-002   1.4403962299256534E-002   5.9253471672293694     
   8.6293570040176709E-002   7.4488453552478805E-004   2.6513137965743786E-002   1.1674582616963880E-002   5.2368545196426766     
   9.0717935986337761E-002   1.4878806160943355E-003   2.9687127523905031E-002   2.1735140888450251E-002   6.4399371671994547     
   9.5369144025327257E-002   2.3812288673774658E-003   3.1069755001770456E-002   1.9934868265924281E-002   5.8807025305222149     
  0.10025882459994871        3.6978647016483136E-003   3.4202418785895354E-002   3.2966587428960130E-002   7.0635967154314985     
  0.10539920445855964        5.0704662882599220E-003   3.5380109464508779E-002   3.2829310872191660E-002   6.6105542974487106     
  0.11080313722831070        6.9255491505118257E-003   3.8234169906083776E-002   4.9922932623850030E-002   7.7612601818705969     
  0.11648413555590921        8.7008733586169344E-003   3.8998063967901446E-002   5.2630258732659953E-002   7.4120095015232295     
  0.12245640489627406        1.0959323776420291E-002   4.1302318115247497E-002   7.5309420870030952E-002   8.5278474073446286     
  0.12873487903357234        1.2912774090824487E-002   4.1359661539656249E-002   8.2384585320521092E-002   8.2680197146627172     
  0.13533525742345850        1.5304792607841535E-002   4.2799923696491340E-002  0.11263863210389312        9.3474618673938306     
  0.14227404444989064        1.7141810979423470E-002   4.1911437402867992E-002  0.12631644301496361        9.1848366839468358     
  0.14956859069468770        1.9306472740411935E-002   4.2214272045771592E-002  0.16677410169221826        10.235529086029731     
  0.15723713632302108        2.0603589335168256E-002   4.0146983899456791E-002  0.18975697638712927        10.165163735817677     
  0.16529885669332869        2.2110318036229398E-002   3.9111677728179743E-002  0.24364417024512136        11.193964616915549     
  0.17377391030569905        2.2500661561751265E-002   3.5822271176556564E-002  0.27954811322794332        11.227840355113921     
  0.18268348920862110        2.2975211013976527E-002   3.3438206619848435E-002  0.35079236165035305        12.244407939050950     
  0.19204987199014462        2.2135431085092600E-002   2.9049904969787117E-002  0.40358259646491418        12.375754125222251     
  0.20189647948595435        2.1346780661007075E-002   2.5546211429581654E-002  0.49653470409266015        13.381286214412205     
  0.21224793334365866        1.9255914776816246E-002   2.0521948349982940E-002  0.57093534721142336        13.609284316659911     
  0.22313011758973345        1.7272387617507164E-002   1.6453101262590957E-002  0.69021390942519278        14.597174987804465     
  0.23457024335307022        1.4187477206564561E-002   1.1531958235612818E-002  0.79054257226119062        14.894349155781056     
  0.24659691690697286        1.1430935012983657E-002   7.7556843345602377E-003  0.94030044362989740        15.841416457711137     
  0.25924021119974061        8.0572411882739187E-003   3.9931826161989353E-003   1.0707107622282384        16.176956898022624     
  0.27253174105270328        5.3221503213520338E-003   1.6036497474496226E-003   1.2540479527889787        17.046225945406196     
  0.28650474221374228        2.6321806395223253E-003   1.6910918761607868E-004   1.4165466818515398        17.362293239666677     
  0.30119415446397091        9.3859873566277171E-004   3.0193721684316474E-004   1.6342753930636884        18.102043290432050     
  0.31663670898538815        5.5718765834632111E-005   2.2799503533362242E-003   1.8289385428801224        18.340519455186016     
  0.33287102020796505        3.9401414657600859E-004   5.8344481285678030E-003   2.0787595319670760        18.893595757932207     
  0.34993768236583300        2.2144379100235709E-003   1.1898610907482673E-002   2.3012140610182499        18.984612416914118     
  0.36787937100401435        5.2013880830644923E-003   1.9226082405740582E-002   2.5765089030283121        19.296195307410560     
  0.38674094968951223        1.0047693105607875E-002   2.9307453563728620E-002   2.8188799273452987        19.187287098533773     
  0.40656958219359818        1.5586613093295896E-002   3.9920971135672514E-002   3.1084705215649393        19.217756835804817     
  0.42741485042580590        2.2964637722173737E-002   5.3050447440178852E-002   3.3571881486136910        18.868624952277685     
  0.44932887841453123        3.0095848366175383E-002   6.5532448161754173E-002   3.6451774251761031        18.602076930345010     
  0.47236646264425380        3.8560804925434025E-002   7.9747498648799847E-002   3.8836851857858168        18.007085833040804     
  0.49658520907528836        4.5538182064312947E-002   9.1849578284506309E-002   4.1507736902370347        17.458070387973770     
  0.52204567718869588        5.3090798430681291E-002  0.10459823047021928        4.3586723740392559        16.637389281950405     
  0.54881153141652461        5.7838003256342849E-002  0.11369399762587756        4.5840675773449382        15.851217090751165     
  0.57694970033605397        6.2310095284216556E-002  0.12222657401935919        4.7424630744033154        14.859778220503063     
  0.60653054402610240        6.3053122547562387E-002  0.12592352813423760        4.9072715751977736        13.907336528104160     
  0.63762803000386636        6.3044754340364842E-002  0.12819531334316539        4.9992510793420770        12.816688076460041     
  0.67031991818224934        5.9034410374204663E-002  0.12507905982026057        5.0896682127851660        11.782991118381336     
  0.70468795531014050        5.4290047441097056E-002  0.12020263056539694        5.1063987889460360        10.676176892329726     
  0.74081807938186928        4.6232609989462589E-002  0.11034418556466205        5.1163432013653036        9.6455608748628201     
  0.77880063452695869        3.8154768478848161E-002   9.9194551522162569E-002   5.0556065355842987        8.5954119983716737     
  0.81873059691749817        2.8232759146243236E-002   8.4352048276631661E-002   4.9875929121770701        7.6384580528142161     
  0.86070781225805559        1.9422566724578309E-002   6.9320327589865074E-002   4.8570423139347589        6.7024020648878846     
  0.90483724545193578        1.0828546455891779E-002   5.2682510259884963E-002   4.7212023763415640        5.8670267592923402     
  0.95122924306811707        4.6551331162577418E-003   3.7467795485093047E-002   4.5333370028341964        5.0765502539678380     
  0.99999980926515564        8.0043042834951426E-004   2.3095940253278015E-002   4.3453682531410376        4.3863649935656142     
   1.0512708958619938        4.1638457764153649E-004   1.1882140832059778E-002   4.1183628337739799        3.7521561138415667     
   1.1051707072810442        4.1180383478639938E-003   4.0321039729467757E-003   3.8965527314854107        3.2092457021355547     
   1.1618340211260101        1.1788992357482649E-002   9.5467105608209625E-004   3.6482511164436522        2.7224947614741275     
   1.2214025251961040        2.4629683929915446E-002   3.4705865100300888E-003   3.4113601960969473        2.3141797460373899     
   1.2840251717793534        4.1309240459491227E-002   1.2067437338831104E-002   3.1603980327166110        1.9563929175298447     
   1.3498585501108922        6.3426298621927765E-002   2.8074245814314388E-002   2.9253980764296506        1.6615682259770441     
   1.4190672779276288        8.8619579636099913E-002   5.1137032627008402E-002   2.6866823557711990        1.4083306894198524     
   1.4918244130983194       0.11890306330708235        8.3082224877239680E-002   2.4683448791161120        1.2036995844567446     
   1.5683118863583871       0.15129765182284635       0.12301485497544899        2.2555696033463173        1.0316419870678473     
   1.6487209562315333       0.18795039048384457       0.17318067756117486        2.0657162424598683       0.89521720440764863     
   1.7332526872756489       0.22573850555422298       0.23254666220379314        1.8888680420527402       0.78320039331104196     
   1.8221184528489625       0.26708156697335894       0.30402154054543190        1.7379977103793933       0.69695986772664398     
   1.9155404636535147       0.30923909902162777       0.38705206569694234        1.6077148523438076       0.62903786344855983     
   2.0137523233776657       0.35450408669710648       0.48526315594008246        1.5068870982332663       0.57952286247317031     
   2.1169996128270059       0.40113381704780959       0.59948193455942633        1.4358239346422803       0.54426648586870163     
   2.2255405040042664       0.45158482280210693       0.73482436977166998        1.4024505209968148       0.52313277751614207     
   2.3396464056738120       0.50575883296912538       0.89497502129984574        1.4143536694545211       0.51458773753878650     
   2.4596026420249339       0.56627408871210161        1.0879450586920782        1.4816952382460762       0.51858099776307010     
   2.5857091661309148       0.63676747073285822        1.3251100112339536        1.6259390189967937       0.53677014395659028     
   2.7182813099879839       0.72082865661755136        1.6198985720634462        1.8692034665633934       0.56984760695221037     
   2.8576505730095247       0.82316054267232974        1.9895742793995073        2.2443198362566239       0.61933290454280954     
   3.0041654509472928       0.95069822117643021        2.4583626666476892        2.7996225692467402       0.68798948497926637     
   3.1581923073123357        1.1138051250130303        3.0610668185343566        3.6064226581992549       0.78018882555432434     
   3.3201162894745604        2.6367887633438547E-008   4.3141176957696199E-008   3.8466909749717852E-008   0.0000000000000000     
   3.4903422917318205        0.0000000000000000        0.0000000000000000        0.0000000000000000        0.0000000000000000     
   3.6692959677565180        0.0000000000000000        0.0000000000000000        0.0000000000000000        0.0000000000000000     
   3.8574247949515148        0.0000000000000000        0.0000000000000000        0.0000000000000000        0.0000000000000000     
   4.0551991933767413        0.0000000000000000        0.0000000000000000        0.0000000000000000        0.0000000000000000     
   4.2631137020443308        0.0000000000000000        0.0000000000000000        0.0000000000000000        0.0000000000000000     
   4.4816882155237971        0.0000000000000000        0.0000000000000000        0.0000000000000000        0.0000000000000000     
   4.7114692839492127        0.0000000000000000        0.0000000000000000        0.0000000000000000        0.0000000000000000     
   4.9530314796792441        0.0000000000000000        0.0000000000000000        0.0000000000000000        0.0000000000000000     
   5.2069788340273639        0.0000000000000000        0.0000000000000000        0.0000000000000000        0.0000000000000000     
   5.4739463476546923        0.0000000000000000        0.0000000000000000        0.0000000000000000        0.0000000000000000     
   5.7546015784024842        0.0000000000000000        0.0000000000000000        0.0000000000000000        0.0000000000000000     
   6.0496463105343823        0.0000000000000000        0.0000000000000000        0.0000000000000000        0.0000000000000000     
   6.3598183095626428        0.0000000000000000        0.0000000000000000        0.0000000000000000        0.0000000000000000     
   6.6858931670462356        0.0000000000000000        0.0000000000000000        0.0000000000000000        0.0000000000000000     
   7.0286862399736565        0.0000000000000000        0.0000000000000000        0.0000000000000000        0.0000000000000000     
   7.3890546895801847        0.0000000000000000        0.0000000000000000        0.0000000000000000        0.0000000000000000     
   7.7678996246973684        0.0000000000000000        0.0000000000000000        0.0000000000000000        0.0000000000000000     
   8.1661683549945003        0.0000000000000000        0.0000000000000000        0.0000000000000000        0.0000000000000000     
   8.5848567597462662        0.0000000000000000        0.0000000000000000        0.0000000000000000        0.0000000000000000     
   9.0250117780495689        0.0000000000000000        0.0000000000000000        0.0000000000000000        0.0000000000000000     
   9.4877340267167067        0.0000000000000000        0.0000000000000000        0.0000000000000000        0.0000000000000000     
   9.9741805523905889        0.0000000000000000        0.0000000000000000        0.0000000000000000        0.0000000000000000     
   10.485567724764062        0.0000000000000000        0.0000000000000000        0.0000000000000000        0.0000000000000000     
   11.023174278137773        0.0000000000000000        0.0000000000000000        0.0000000000000000        0.0000000000000000     
   11.588344508921873        0.0000000000000000        0.0000000000000000        0.0000000000000000        0.0000000000000000     
   12.182491637077383        0.0000000000000000        0.0000000000000000        0.0000000000000000        0.0000000000000000     
   12.807101339902093        0.0000000000000000        0.0000000000000000        0.0000000000000000        0.0000000000000000     
   13.463735466997706        0.0000000000000000        0.0000000000000000        0.0000000000000000        0.0000000000000000     
   14.154035945707449        0.0000000000000000        0.0000000000000000        0.0000000000000000        0.0000000000000000     
   14.879728886789509        0.0000000000000000        0.0000000000000000        0.0000000000000000        0.0000000000000000     
   15.642628900593213        0.0000000000000000        0.0000000000000000        0.0000000000000000        0.0000000000000000     
   16.444643634529918        0.0000000000000000        0.0000000000000000        0.0000000000000000        0.0000000000000000     
   17.287778543185254        0.0000000000000000        0.0000000000000000        0.0000000000000000        0.0000000000000000     
   18.174141903000280        0.0000000000000000        0.0000000000000000        0.0000000000000000        0.0000000000000000     
   19.105950084060524        0.0000000000000000        0.0000000000000000        0.0000000000000000        0.0000000000000000     
   20.085533092175908        0.0000000000000000        0.0000000000000000        0.0000000000000000        0.0000000000000000     
   21.115340395108696        0.0000000000000000        0.0000000000000000        0.0000000000000000        0.0000000000000000     
   22.197947047518841        0.0000000000000000        0.0000000000000000        0.0000000000000000        0.0000000000000000     
   23.336060129942076        0.0000000000000000        0.0000000000000000        0.0000000000000000        0.0000000000000000     
   24.532525517901004        0.0000000000000000        0.0000000000000000        0.0000000000000000        0.0000000000000000     
   25.790334998076592        0.0000000000000000        0.0000000000000000        0.0000000000000000        0.0000000000000000     
   27.112633749332943        0.0000000000000000        0.0000000000000000        0.0000000000000000        0.0000000000000000     
   28.502728207302802        0.0000000000000000        0.0000000000000000        0.0000000000000000        0.0000000000000000     
   29.964094332199064        0.0000000000000000        0.0000000000000000        0.0000000000000000        0.0000000000000000     
   31.500386300525484        0.0000000000000000        0.0000000000000000        0.0000000000000000        0.0000000000000000     
   33.115445642421740        0.0000000000000000        0.0000000000000000        0.0000000000000000        0.0000000000000000     
   34.813310847489355        0.0000000000000000        0.0000000000000000        0.0000000000000000        0.0000000000000000     
   36.598227463119422        0.0000000000000000        0.0000000000000000        0.0000000000000000        0.0000000000000000     
   38.474658710572697        0.0000000000000000        0.0000000000000000        0.0000000000000000        0.0000000000000000     
   40.447296645357056        0.0000000000000000        0.0000000000000000        0.0000000000000000        0.0000000000000000     
