   -30.0000  3.425270E-04  4.953908E-04  2.372081E-03
   -29.8997  3.500620E-04  4.998881E-04  2.411068E-03
   -29.7993  3.579181E-04  5.045331E-04  2.451079E-03
   -29.6990  3.661160E-04  5.093323E-04  2.492150E-03
   -29.5987  3.746781E-04  5.142928E-04  2.534320E-03
   -29.4983  3.836291E-04  5.194218E-04  2.577630E-03
   -29.3980  3.929955E-04  5.247273E-04  2.622122E-03
   -29.2977  4.028069E-04  5.302183E-04  2.667841E-03
   -29.1973  4.130953E-04  5.359037E-04  2.714833E-03
   -29.0970  4.238960E-04  5.417935E-04  2.763148E-03
   -28.9967  4.352479E-04  5.478985E-04  2.812837E-03
   -28.8963  4.471945E-04  5.542300E-04  2.863954E-03
   -28.7960  4.597833E-04  5.608006E-04  2.916556E-03
   -28.6957  4.730677E-04  5.676238E-04  2.970702E-03
   -28.5953  4.871063E-04  5.747144E-04  3.026457E-03
   -28.4950  5.019654E-04  5.820883E-04  3.083885E-03
   -28.3946  5.177192E-04  5.897631E-04  3.143056E-03
   -28.2943  5.344513E-04  5.977577E-04  3.204045E-03
   -28.1940  5.522562E-04  6.060933E-04  3.266928E-03
   -28.0936  5.712410E-04  6.147927E-04  3.331788E-03
   -27.9933  5.915281E-04  6.238818E-04  3.398711E-03
   -27.8930  6.132573E-04  6.333886E-04  3.467789E-03
   -27.7926  6.365899E-04  6.433445E-04  3.539119E-03
   -27.6923  6.617125E-04  6.537847E-04  3.612803E-03
   -27.5920  6.888419E-04  6.647483E-04  3.688951E-03
   -27.4916  7.182340E-04  6.762798E-04  3.767678E-03
   -27.3913  7.501892E-04  6.884291E-04  3.849107E-03
   -27.2910  7.850652E-04  7.012535E-04  3.933369E-03
   -27.1906  8.232916E-04  7.148184E-04  4.020602E-03
   -27.0903  8.653884E-04  7.291990E-04  4.110956E-03
   -26.9900  9.119926E-04  7.444831E-04  4.204590E-03
   -26.8896  9.638927E-04  7.607734E-04  4.301673E-03
   -26.7893  1.022079E-03  7.781914E-04  4.402388E-03
   -26.6890  1.087811E-03  7.968827E-04  4.506931E-03
   -26.5886  1.162725E-03  8.170228E-04  4.615511E-03
   -26.4883  1.248979E-03  8.388279E-04  4.728356E-03
   -26.3880  1.349495E-03  8.625679E-04  4.845714E-03
   -26.2876  1.468334E-03  8.885862E-04  4.967852E-03
   -26.1873  1.611330E-03  9.173307E-04  5.095065E-03
   -26.0870  1.787204E-03  9.494023E-04  5.227674E-03
   -25.9866  2.009669E-03  9.856368E-04  5.366040E-03
   -25.8863  2.301713E-03  1.027253E-03  5.510564E-03
   -25.7860  2.705321E-03  1.076139E-03  5.661707E-03
   -25.6856  3.306733E-03  1.135487E-03  5.820011E-03
   -25.5853  4.315245E-03  1.211420E-03  5.986146E-03
   -25.4849  6.357102E-03  1.318102E-03  6.161022E-03
   -25.3846  1.098777E-02  1.493362E-03  6.346076E-03
   -25.2843  1.723878E-02  1.791724E-03  6.543911E-03
   -25.1839  2.255204E-02  2.215391E-03  6.757953E-03
   -25.0836  2.689095E-02  2.741687E-03  6.991504E-03
   -24.9833  3.054164E-02  3.352761E-03  7.247739E-03
   -24.8829  3.369207E-02  4.035860E-03  7.529745E-03
   -24.7826  3.646050E-02  4.781446E-03  7.840623E-03
   -24.6823  3.892528E-02  5.582049E-03  8.183550E-03
   -24.5819  4.114117E-02  6.431605E-03  8.561827E-03
   -24.4816  4.314818E-02  7.325050E-03  8.978919E-03
   -24.3813  4.497660E-02  8.258070E-03  9.438498E-03
   -24.2809  4.665005E-02  9.226921E-03  9.944476E-03
   -24.1806  4.818740E-02  1.022831E-02  1.050105E-02
   -24.0803  4.960401E-02  1.125932E-02  1.111274E-02
   -23.9799  5.091262E-02  1.231733E-02  1.178443E-02
   -23.8796  5.212394E-02  1.339995E-02  1.252144E-02
   -23.7793  5.324708E-02  1.450503E-02  1.332956E-02
   -23.6789  5.428986E-02  1.563059E-02  1.421511E-02
   -23.5786  5.525910E-02  1.677481E-02  1.518502E-02
   -23.4783  5.616075E-02  1.793601E-02  1.624691E-02
   -23.3779  5.700006E-02  1.911263E-02  1.740919E-02
   -23.2776  5.778169E-02  2.030322E-02  1.868112E-02
   -23.1773  5.850981E-02  2.150643E-02  2.007299E-02
   -23.0769  5.918813E-02  2.272098E-02  2.159620E-02
   -22.9766  5.982004E-02  2.394569E-02  2.326344E-02
   -22.8763  6.040858E-02  2.517945E-02  2.508888E-02
   -22.7759  6.095652E-02  2.642119E-02  2.708837E-02
   -22.6756  6.146638E-02  2.766994E-02  2.927965E-02
   -22.5753  6.194049E-02  2.892476E-02  3.168270E-02
   -22.4749  6.238095E-02  3.018474E-02  3.432001E-02
   -22.3746  6.278974E-02  3.144907E-02  3.721701E-02
   -22.2742  6.316864E-02  3.271693E-02  4.040251E-02
   -22.1739  6.351933E-02  3.398759E-02  4.390926E-02
   -22.0736  6.384336E-02  3.526032E-02  4.777459E-02
   -21.9732  6.414217E-02  3.653443E-02  5.204214E-02
   -21.8729  6.441708E-02  3.780928E-02  5.675909E-02
   -21.7726  6.466936E-02  3.908426E-02  6.198267E-02
   -21.6722  6.490016E-02  4.035877E-02  6.777799E-02
   -21.5719  6.511058E-02  4.163226E-02  7.422056E-02
   -21.4716  6.530163E-02  4.290418E-02  8.139829E-02
   -21.3712  6.547428E-02  4.417405E-02  8.941389E-02
   -21.2709  6.562942E-02  4.544135E-02  9.838800E-02
   -21.1706  6.576790E-02  4.670564E-02  1.084628E-01
   -21.0702  6.589052E-02  4.796648E-02  1.198069E-01
   -20.9699  6.599804E-02  4.922343E-02  1.326210E-01
   -20.8696  6.609116E-02  5.047608E-02  1.471452E-01
   -20.7692  6.617054E-02  5.172408E-02  1.636690E-01
   -20.6689  6.623683E-02  5.296704E-02  1.825428E-01
   -20.5686  6.629062E-02  5.420461E-02  2.041933E-01
   -20.4682  6.633249E-02  5.543646E-02  2.291445E-01
   -20.3679  6.636296E-02  5.666227E-02  2.580434E-01
   -20.2676  6.638256E-02  5.788173E-02  2.916951E-01
   -20.1672  6.639177E-02  5.909455E-02  3.311088E-01
   -20.0669  6.639104E-02  6.030046E-02  3.775597E-01
   -19.9666  6.638082E-02  6.149919E-02  4.326715E-01
   -19.8662  6.636153E-02  6.269049E-02  4.985290E-01
   -19.7659  6.633356E-02  6.387411E-02  5.778288E-01
   -19.6656  6.629728E-02  6.504984E-02  6.740846E-01
   -19.5652  6.625307E-02  6.621744E-02  7.919002E-01
   -19.4649  6.620126E-02  6.737672E-02  9.373269E-01
   -19.3645  6.614219E-02  6.852748E-02  1.118308E+00
   -19.2642  6.607616E-02  6.966952E-02  1.345177E+00
   -19.1639  6.600347E-02  7.080268E-02  1.631045E+00
   -19.0635  6.592445E-02  7.192678E-02  1.991675E+00
   -18.9632  6.583930E-02  7.304167E-02  2.443907E+00
   -18.8629  6.574832E-02  7.414718E-02  3.000087E+00
   -18.7625  6.565175E-02  7.524319E-02  3.656540E+00
   -18.6622  6.554984E-02  7.632955E-02  4.372460E+00
   -18.5619  6.544281E-02  7.740614E-02  5.048121E+00
   -18.4615  6.533089E-02  7.847283E-02  5.530668E+00
   -18.3612  6.521429E-02  7.952952E-02  5.679776E+00
   -18.2609  6.509320E-02  8.057610E-02  5.461212E+00
   -18.1605  6.496782E-02  8.161247E-02  4.968995E+00
   -18.0602  6.483834E-02  8.263853E-02  4.351279E+00
   -17.9599  6.470493E-02  8.365421E-02  3.728645E+00
   -17.8595  6.456777E-02  8.465941E-02  3.166688E+00
   -17.7592  6.442703E-02  8.565407E-02  2.687890E+00
   -17.6589  6.428285E-02  8.663812E-02  2.291371E+00
   -17.5585  6.413539E-02  8.761149E-02  1.966847E+00
   -17.4582  6.398480E-02  8.857413E-02  1.701878E+00
   -17.3579  6.383121E-02  8.952598E-02  1.484911E+00
   -17.2575  6.367476E-02  9.046700E-02  1.306233E+00
   -17.1572  6.351559E-02  9.139714E-02  1.158034E+00
   -17.0569  6.335380E-02  9.231636E-02  1.034163E+00
   -16.9565  6.318954E-02  9.322463E-02  9.298154E-01
   -16.8562  6.302290E-02  9.412192E-02  8.412377E-01
   -16.7559  6.285401E-02  9.500821E-02  7.654927E-01
   -16.6555  6.268296E-02  9.588349E-02  7.002688E-01
   -16.5552  6.250987E-02  9.674771E-02  6.437355E-01
   -16.4548  6.233483E-02  9.760088E-02  5.944334E-01
   -16.3545  6.215793E-02  9.844298E-02  5.511907E-01
   -16.2542  6.197927E-02  9.927401E-02  5.130595E-01
   -16.1538  6.179894E-02  1.000940E-01  4.792678E-01
   -16.0535  6.161702E-02  1.009028E-01  4.491824E-01
   -15.9532  6.143360E-02  1.017006E-01  4.222807E-01
   -15.8528  6.124876E-02  1.024874E-01  3.981285E-01
   -15.7525  6.106256E-02  1.032631E-01  3.763630E-01
   -15.6522  6.087510E-02  1.040277E-01  3.566792E-01
   -15.5518  6.068643E-02  1.047814E-01  3.388192E-01
   -15.4515  6.049662E-02  1.055240E-01  3.225642E-01
   -15.3512  6.030575E-02  1.062557E-01  3.077271E-01
   -15.2508  6.011388E-02  1.069764E-01  2.941476E-01
   -15.1505  5.992106E-02  1.076861E-01  2.816876E-01
   -15.0502  5.972737E-02  1.083850E-01  2.702274E-01
   -14.9498  5.953285E-02  1.090730E-01  2.596632E-01
   -14.8495  5.933756E-02  1.097501E-01  2.499046E-01
   -14.7492  5.914155E-02  1.104165E-01  2.408721E-01
   -14.6488  5.894489E-02  1.110721E-01  2.324962E-01
   -14.5485  5.874761E-02  1.117169E-01  2.247156E-01
   -14.4482  5.854972E-02  1.123511E-01  2.174759E-01
   -14.3478  5.835136E-02  1.129746E-01  2.107292E-01
   -14.2475  5.815252E-02  1.135876E-01  2.044326E-01
   -14.1472  5.795326E-02  1.141900E-01  1.985481E-01
   -14.0468  5.775361E-02  1.147819E-01  1.930415E-01
   -13.9465  5.755362E-02  1.153633E-01  1.878823E-01
   -13.8462  5.735332E-02  1.159344E-01  1.830430E-01
   -13.7458  5.715275E-02  1.164951E-01  1.784988E-01
   -13.6455  5.695195E-02  1.170455E-01  1.742275E-01
   -13.5452  5.675095E-02  1.175857E-01  1.702089E-01
   -13.4448  5.654979E-02  1.181157E-01  1.664246E-01
   -13.3445  5.634851E-02  1.186356E-01  1.628581E-01
   -13.2441  5.614712E-02  1.191454E-01  1.594941E-01
   -13.1438  5.594567E-02  1.196452E-01  1.563189E-01
   -13.0435  5.574418E-02  1.201351E-01  1.533199E-01
   -12.9431  5.554269E-02  1.206151E-01  1.504855E-01
   -12.8428  5.534122E-02  1.210853E-01  1.478052E-01
   -12.7425  5.513979E-02  1.215458E-01  1.452692E-01
   -12.6421  5.493844E-02  1.219965E-01  1.428688E-01
   -12.5418  5.473718E-02  1.224377E-01  1.405956E-01
   -12.4415  5.453605E-02  1.228693E-01  1.384420E-01
   -12.3411  5.433507E-02  1.232915E-01  1.364011E-01
   -12.2408  5.413426E-02  1.237042E-01  1.344664E-01
   -12.1405  5.393363E-02  1.241076E-01  1.326318E-01
   -12.0401  5.373322E-02  1.245017E-01  1.308919E-01
   -11.9398  5.353305E-02  1.248866E-01  1.292415E-01
   -11.8395  5.333312E-02  1.252624E-01  1.276758E-01
   -11.7391  5.313347E-02  1.256291E-01  1.261902E-01
   -11.6388  5.293411E-02  1.259869E-01  1.247808E-01
   -11.5385  5.273506E-02  1.263357E-01  1.234435E-01
   -11.4381  5.253633E-02  1.266757E-01  1.221749E-01
   -11.3378  5.233794E-02  1.270069E-01  1.209714E-01
   -11.2375  5.213992E-02  1.273294E-01  1.198299E-01
   -11.1371  5.194226E-02  1.276434E-01  1.187475E-01
   -11.0368  5.174500E-02  1.279487E-01  1.177214E-01
   -10.9365  5.154813E-02  1.282456E-01  1.167489E-01
   -10.8361  5.135169E-02  1.285341E-01  1.158276E-01
   -10.7358  5.115568E-02  1.288143E-01  1.149553E-01
   -10.6355  5.096011E-02  1.290863E-01  1.141296E-01
   -10.5351  5.076499E-02  1.293500E-01  1.133487E-01
   -10.4348  5.057035E-02  1.296057E-01  1.126106E-01
   -10.3344  5.037618E-02  1.298534E-01  1.119134E-01
   -10.2341  5.018251E-02  1.300931E-01  1.112554E-01
   -10.1338  4.998933E-02  1.303250E-01  1.106350E-01
   -10.0334  4.979667E-02  1.305490E-01  1.100507E-01
    -9.9331  4.960453E-02  1.307654E-01  1.095010E-01
    -9.8328  4.941292E-02  1.309741E-01  1.089846E-01
    -9.7324  4.922186E-02  1.311753E-01  1.085001E-01
    -9.6321  4.903135E-02  1.313689E-01  1.080462E-01
    -9.5318  4.884139E-02  1.315552E-01  1.076220E-01
    -9.4314  4.865200E-02  1.317341E-01  1.072261E-01
    -9.3311  4.846319E-02  1.319058E-01  1.068576E-01
    -9.2308  4.827496E-02  1.320703E-01  1.065154E-01
    -9.1304  4.808733E-02  1.322276E-01  1.061986E-01
    -9.0301  4.790029E-02  1.323780E-01  1.059063E-01
    -8.9298  4.771385E-02  1.325214E-01  1.056376E-01
    -8.8294  4.752803E-02  1.326579E-01  1.053916E-01
    -8.7291  4.734282E-02  1.327876E-01  1.051676E-01
    -8.6288  4.715824E-02  1.329106E-01  1.049647E-01
    -8.5284  4.697429E-02  1.330269E-01  1.047824E-01
    -8.4281  4.679097E-02  1.331366E-01  1.046198E-01
    -8.3278  4.660829E-02  1.332398E-01  1.044764E-01
    -8.2274  4.642626E-02  1.333366E-01  1.043514E-01
    -8.1271  4.624487E-02  1.334271E-01  1.042443E-01
    -8.0268  4.606415E-02  1.335112E-01  1.041545E-01
    -7.9264  4.588408E-02  1.335891E-01  1.040815E-01
    -7.8261  4.570467E-02  1.336609E-01  1.040246E-01
    -7.7258  4.552594E-02  1.337266E-01  1.039834E-01
    -7.6254  4.534787E-02  1.337863E-01  1.039574E-01
    -7.5251  4.517048E-02  1.338401E-01  1.039461E-01
    -7.4247  4.499377E-02  1.338880E-01  1.039490E-01
    -7.3244  4.481774E-02  1.339301E-01  1.039658E-01
    -7.2241  4.464240E-02  1.339666E-01  1.039959E-01
    -7.1237  4.446774E-02  1.339974E-01  1.040390E-01
    -7.0234  4.429378E-02  1.340226E-01  1.040947E-01
    -6.9231  4.412051E-02  1.340423E-01  1.041626E-01
    -6.8227  4.394793E-02  1.340565E-01  1.042424E-01
    -6.7224  4.377606E-02  1.340655E-01  1.043336E-01
    -6.6221  4.360488E-02  1.340691E-01  1.044359E-01
    -6.5217  4.343441E-02  1.340674E-01  1.045491E-01
    -6.4214  4.326465E-02  1.340606E-01  1.046728E-01
    -6.3211  4.309559E-02  1.340488E-01  1.048066E-01
    -6.2207  4.292724E-02  1.340319E-01  1.049504E-01
    -6.1204  4.275959E-02  1.340100E-01  1.051037E-01
    -6.0201  4.259267E-02  1.339832E-01  1.052664E-01
    -5.9197  4.242645E-02  1.339516E-01  1.054381E-01
    -5.8194  4.226095E-02  1.339153E-01  1.056186E-01
    -5.7191  4.209616E-02  1.338742E-01  1.058076E-01
    -5.6187  4.193209E-02  1.338285E-01  1.060050E-01
    -5.5184  4.176874E-02  1.337782E-01  1.062104E-01
    -5.4181  4.160611E-02  1.337234E-01  1.064236E-01
    -5.3177  4.144419E-02  1.336642E-01  1.066444E-01
    -5.2174  4.128299E-02  1.336006E-01  1.068726E-01
    -5.1171  4.112253E-02  1.335327E-01  1.071079E-01
    -5.0167  4.096278E-02  1.334605E-01  1.073502E-01
    -4.9164  4.080374E-02  1.333841E-01  1.075993E-01
    -4.8161  4.064543E-02  1.333036E-01  1.078549E-01
    -4.7157  4.048784E-02  1.332190E-01  1.081169E-01
    -4.6154  4.033097E-02  1.331303E-01  1.083850E-01
    -4.5151  4.017482E-02  1.330377E-01  1.086592E-01
    -4.4147  4.001940E-02  1.329412E-01  1.089392E-01
    -4.3144  3.986469E-02  1.328409E-01  1.092249E-01
    -4.2140  3.971071E-02  1.327368E-01  1.095160E-01
    -4.1137  3.955745E-02  1.326290E-01  1.098125E-01
    -4.0134  3.940491E-02  1.325174E-01  1.101141E-01
    -3.9130  3.925309E-02  1.324023E-01  1.104208E-01
    -3.8127  3.910199E-02  1.322836E-01  1.107323E-01
    -3.7124  3.895161E-02  1.321614E-01  1.110486E-01
    -3.6120  3.880195E-02  1.320358E-01  1.113694E-01
    -3.5117  3.865301E-02  1.319068E-01  1.116946E-01
    -3.4114  3.850478E-02  1.317744E-01  1.120242E-01
    -3.3110  3.835727E-02  1.316387E-01  1.123578E-01
    -3.2107  3.821048E-02  1.315000E-01  1.126956E-01
    -3.1104  3.806441E-02  1.313579E-01  1.130372E-01
    -3.0100  3.791905E-02  1.312127E-01  1.133825E-01
    -2.9097  3.777440E-02  1.310644E-01  1.137315E-01
    -2.8094  3.763046E-02  1.309131E-01  1.140841E-01
    -2.7090  3.748724E-02  1.307588E-01  1.144400E-01
    -2.6087  3.734473E-02  1.306016E-01  1.147991E-01
    -2.5084  3.720292E-02  1.304416E-01  1.151615E-01
    -2.4080  3.706183E-02  1.302787E-01  1.155269E-01
    -2.3077  3.692144E-02  1.301130E-01  1.158953E-01
    -2.2074  3.678176E-02  1.299446E-01  1.162665E-01
    -2.1070  3.664278E-02  1.297735E-01  1.166405E-01
    -2.0067  3.650451E-02  1.295998E-01  1.170171E-01
    -1.9064  3.636694E-02  1.294235E-01  1.173962E-01
    -1.8060  3.623007E-02  1.292446E-01  1.177778E-01
    -1.7057  3.609391E-02  1.290633E-01  1.181617E-01
    -1.6054  3.595844E-02  1.288795E-01  1.185479E-01
    -1.5050  3.582366E-02  1.286933E-01  1.189362E-01
    -1.4047  3.568958E-02  1.285048E-01  1.193265E-01
    -1.3043  3.555620E-02  1.283139E-01  1.197188E-01
    -1.2040  3.542351E-02  1.281208E-01  1.201130E-01
    -1.1037  3.529151E-02  1.279254E-01  1.205089E-01
    -1.0033  3.516019E-02  1.277279E-01  1.209066E-01
    -0.9030  3.502957E-02  1.275282E-01  1.213058E-01
    -0.8027  3.489963E-02  1.273264E-01  1.217066E-01
    -0.7023  3.477037E-02  1.271226E-01  1.221088E-01
    -0.6020  3.464180E-02  1.269168E-01  1.225124E-01
    -0.5017  3.451391E-02  1.267089E-01  1.229173E-01
    -0.4013  3.438670E-02  1.264992E-01  1.233234E-01
    -0.3010  3.426016E-02  1.262875E-01  1.237306E-01
    -0.2007  3.413430E-02  1.260740E-01  1.241388E-01
    -0.1003  3.400912E-02  1.258587E-01  1.245480E-01
     0.0000  3.388460E-02  1.256414E-01  1.249582E-01
