# Orientation sensitive EELS calculation - beam energy =   300.keV
# Sample to beam orientation :    0.000    1.000    0.000
# Collection and convergence semiangle:      2.400      0.000   ; # points:     5 x 3
# Detector position:     0.0000     0.0000
# Units are a_0^2 / eV.  Multiply by 28.00 10^-18  to get cm^-2 / eV.  Or by 28 to get Mbarn / eV.
# Relativistic and cross-terms.
# # POT  SCF 100  4.0000   0, screened core-hole, AFOLP (folp(0)= 1.150)                            
# # Gam_ch=1.729E+00 H-L exch Vi= 0.000E+00 Vr= 0.000E+00                                           
#  S02=1.000  Temp=   0.00  Debye_temp=   0.00  Global_sig2= 0.00000                                
#  Energy zero shift, vr, vi    0.00000E+00   0.00000E+00                                           
#  Energy       total         atomic-bg     fine-struct   xx            xy            xz            yx            yy            yz            zx            zy            zz
   8988.45      0.134787E-11  0.197692E-11 -0.629048E-12  0.276668E-13  0.337800E-35  0.165926E-36  0.394224E-35  0.129150E-11  0.413774E-35  0.171803E-36  0.441986E-35  0.287073E-13
   8988.46      0.136540E-11  0.200401E-11 -0.638610E-12  0.280268E-13  0.239498E-35  0.815230E-37  0.277114E-35  0.130831E-11  0.277417E-35  0.110910E-36  0.286821E-35  0.290665E-13
   8988.49      0.138281E-11  0.203109E-11 -0.648276E-12  0.283843E-13  0.588175E-36  0.205102E-37  0.629317E-36  0.132500E-11  0.740561E-36  0.359385E-37  0.858111E-36  0.294229E-13
   8988.53      0.143342E-11  0.211157E-11 -0.678150E-12  0.294236E-13 -0.108608E-35 -0.442009E-37 -0.121538E-35  0.137353E-11 -0.124602E-35 -0.397928E-37 -0.124602E-35  0.304590E-13
   8988.60      0.148315E-11  0.219203E-11 -0.708876E-12  0.304449E-13 -0.203591E-35 -0.763221E-37 -0.182432E-35  0.142123E-11 -0.315032E-35 -0.821996E-37 -0.305629E-35  0.314767E-13
   8988.68      0.155771E-11  0.231963E-11 -0.761923E-12  0.319758E-13  0.129514E-35  0.734947E-37  0.129514E-35  0.149273E-11  0.157516E-35  0.705560E-37  0.155165E-35  0.330031E-13
   8988.79      0.163079E-11  0.244720E-11 -0.816414E-12  0.334763E-13  0.347916E-35  0.250937E-36  0.423147E-35  0.156281E-11  0.592449E-35  0.297957E-36  0.554833E-35  0.344995E-13
   8988.91      0.170752E-11  0.260177E-11 -0.894251E-12  0.350515E-13  0.502481E-35  0.184812E-36  0.464865E-35  0.163639E-11  0.846356E-35  0.114282E-36  0.846356E-35  0.360792E-13
   8989.06      0.178407E-11  0.275634E-11 -0.972273E-12  0.366223E-13  0.822829E-35  0.271584E-36  0.883954E-35  0.170978E-11  0.105324E-34  0.459664E-36  0.996819E-35  0.376598E-13
   8989.22      0.184098E-11  0.291100E-11 -0.107002E-11  0.377892E-13  0.360054E-35  0.160757E-36  0.369458E-35  0.176433E-11  0.677085E-35  0.243042E-36  0.686489E-35  0.388677E-13
   8989.40      0.190301E-11  0.306563E-11 -0.116262E-11  0.390605E-13  0.257815E-36  0.444093E-37  0.257815E-36  0.182376E-11  0.225695E-35  0.679192E-37  0.206887E-35  0.401950E-13
   8989.60      0.194095E-11  0.320454E-11 -0.126360E-11  0.398354E-13  0.197620E-35  0.950358E-37  0.211726E-35  0.186002E-11  0.263311E-35  0.685871E-37  0.268013E-35  0.410896E-13
   8989.82      0.199435E-11  0.334342E-11 -0.134907E-11  0.409272E-13  0.291662E-35  0.119630E-36  0.291662E-35  0.191110E-11  0.366754E-35  0.784876E-37  0.366754E-35  0.423244E-13
   8990.06      0.204148E-11  0.346488E-11 -0.142340E-11  0.418884E-13  0.326943E-36  0.671458E-37  0.321065E-36  0.195608E-11  0.190430E-35  0.774313E-37  0.209238E-35  0.435141E-13
   8990.31      0.211694E-11  0.358633E-11 -0.146939E-11  0.434304E-13 -0.292376E-35 -0.198260E-37 -0.267691E-35  0.202821E-11 -0.658277E-36 -0.264382E-37 -0.623012E-36  0.452985E-13
   8990.59      0.221101E-11  0.369411E-11 -0.148310E-11  0.453530E-13 -0.120118E-35 -0.177977E-37 -0.124820E-35  0.211813E-11 -0.764071E-36 -0.163283E-37 -0.752316E-36  0.475255E-13
   8990.89      0.234069E-11  0.380184E-11 -0.146115E-11  0.480071E-13 -0.488471E-36 -0.496692E-37 -0.582511E-36  0.224223E-11 -0.122251E-35 -0.467305E-37 -0.126953E-35  0.504493E-13
   8991.20      0.250239E-11  0.389947E-11 -0.139708E-11  0.513187E-13  0.824046E-36  0.266567E-37  0.835801E-36  0.239708E-11  0.192781E-35  0.266567E-37  0.202185E-35  0.539929E-13
   8991.53      0.269036E-11  0.399704E-11 -0.130668E-11  0.551716E-13  0.332620E-35  0.259224E-36  0.244458E-35  0.257724E-11  0.630065E-35  0.317999E-36  0.620661E-35  0.579529E-13
   8991.89      0.289660E-11  0.408660E-11 -0.119000E-11  0.594022E-13 -0.121979E-35 -0.128737E-36 -0.112575E-35  0.277508E-11 -0.258609E-35 -0.108166E-36 -0.258609E-35  0.621124E-13
   8992.26      0.309841E-11  0.417610E-11 -0.107769E-11  0.635454E-13 -0.522437E-35 -0.440208E-36 -0.522437E-35  0.296889E-11 -0.133536E-34 -0.381433E-36 -0.116609E-34  0.659748E-13
   8992.65      0.328072E-11  0.425831E-11 -0.977591E-12  0.672931E-13 -0.171317E-35 -0.276247E-36 -0.156624E-35  0.314427E-11 -0.601853E-35 -0.293879E-36 -0.639469E-35  0.691635E-13
   8993.06      0.342122E-11  0.434045E-11 -0.919228E-12  0.701859E-13  0.383766E-35  0.218342E-37  0.383766E-35  0.327973E-11  0.822846E-36  0.203648E-37  0.905131E-36  0.713031E-13
   8993.49      0.350685E-11  0.441530E-11 -0.908452E-12  0.719560E-13  0.552572E-35  0.316210E-36  0.402109E-35  0.336277E-11  0.714701E-35  0.316210E-36  0.724105E-35  0.721149E-13
   8993.93      0.354042E-11  0.449011E-11 -0.949691E-12  0.726578E-13  0.113051E-34  0.543470E-36  0.928322E-35  0.339592E-11  0.169271E-34  0.496451E-36  0.180556E-34  0.718472E-13
   8994.40      0.352831E-11  0.455724E-11 -0.102893E-11  0.724208E-13  0.101655E-34  0.543784E-36  0.950721E-35  0.338520E-11  0.144821E-34  0.520274E-36  0.139179E-34  0.706927E-13
   8994.89      0.350993E-11  0.462432E-11 -0.111439E-11  0.720487E-13  0.892816E-35  0.247909E-36  0.883412E-35  0.336818E-11  0.695893E-35  0.247909E-36  0.620661E-35  0.697027E-13
   8995.39      0.351614E-11  0.468325E-11 -0.116711E-11  0.721737E-13  0.161808E-35  0.974321E-37  0.161808E-35  0.337441E-11  0.315032E-35  0.974321E-37  0.329138E-35  0.695599E-13
   8995.91      0.360169E-11  0.474215E-11 -0.114045E-11  0.739168E-13 -0.411536E-35 -0.808875E-37 -0.413887E-35  0.345631E-11 -0.310331E-35 -0.808875E-37 -0.253907E-35  0.714648E-13
   8996.46      0.379881E-11  0.479262E-11 -0.993805E-12  0.779383E-13 -0.840892E-35 -0.131776E-36 -0.843243E-35  0.364480E-11 -0.902780E-35 -0.184673E-36 -0.808740E-35  0.760674E-13
   8997.02      0.412805E-11  0.484301E-11 -0.714957E-12  0.846622E-13 -0.454319E-35 -0.147909E-36 -0.459021E-35  0.395975E-11 -0.611257E-35 -0.100889E-36 -0.686489E-35  0.836403E-13
   8997.60      0.458372E-11  0.488487E-11 -0.301149E-12  0.939734E-13 -0.873080E-36 -0.281138E-37 -0.855448E-36  0.439583E-11 -0.752316E-36 -0.354606E-37 -0.740561E-36  0.939221E-13
   8998.20      0.511593E-11  0.492669E-11  0.189243E-12  0.104853E-12 -0.740577E-37 -0.113738E-36 -0.784658E-37  0.490543E-11 -0.202185E-35 -0.902279E-37 -0.183377E-35  0.105646E-12
   8998.82      0.566548E-11  0.496012E-11  0.705360E-12  0.116091E-12  0.309446E-35  0.114472E-36  0.311797E-35  0.543194E-11  0.423178E-35  0.114472E-36  0.385562E-35  0.117446E-12
   8999.46      0.614046E-11  0.499351E-11  0.114695E-11  0.125806E-12  0.791297E-35  0.454999E-36  0.791297E-35  0.588734E-11  0.126013E-34  0.384469E-36  0.137298E-34  0.127318E-12
   9000.11      0.646640E-11  0.501879E-11  0.144761E-11  0.132471E-12  0.253042E-35  0.180381E-36  0.316519E-35  0.620018E-11  0.498410E-35  0.162749E-36  0.460794E-35  0.133747E-12
   9000.79      0.658891E-11  0.504403E-11  0.154488E-11  0.134972E-12 -0.418900E-36  0.217151E-37 -0.417431E-36  0.631821E-11  0.623012E-36  0.180417E-37  0.623012E-36  0.135729E-12
   9001.49      0.649036E-11  0.506180E-11  0.142856E-11  0.132946E-12 -0.128826E-36  0.356007E-37 -0.128826E-36  0.622435E-11  0.752316E-36  0.289885E-37  0.764071E-36  0.133062E-12
   9002.20      0.621914E-11  0.507955E-11  0.113958E-11  0.127382E-12  0.754317E-36  0.174373E-36  0.830725E-36  0.596481E-11  0.338542E-35  0.150863E-36  0.338542E-35  0.126940E-12
   9002.93      0.583887E-11  0.508998E-11  0.748885E-12  0.119582E-12  0.587891E-36  0.937353E-37  0.611401E-36  0.560051E-11  0.197483E-35  0.746336E-37  0.197483E-35  0.118778E-12
   9003.69      0.547280E-11  0.510039E-11  0.372409E-12  0.112070E-12 -0.163664E-35 -0.208549E-36 -0.163664E-35  0.524958E-11 -0.310331E-35 -0.138019E-36 -0.291523E-35  0.111156E-12
   9004.46      0.519488E-11  0.510114E-11  0.937414E-13  0.106361E-12 -0.142622E-35 -0.101789E-36 -0.137920E-35  0.498302E-11 -0.352648E-35 -0.107666E-36 -0.352648E-35  0.105497E-12
   9005.25      0.510571E-11  0.510187E-11  0.384441E-14  0.104515E-12 -0.145311E-35 -0.112450E-36 -0.150012E-35  0.489742E-11 -0.263311E-35 -0.106572E-36 -0.239801E-35  0.103778E-12
   9006.06      0.520943E-11  0.510255E-11  0.106887E-12  0.106618E-12 -0.171525E-35 -0.274723E-37 -0.172700E-35  0.499686E-11 -0.124602E-35 -0.362885E-37 -0.126953E-35  0.105953E-12
   9006.89      0.545056E-11  0.510321E-11  0.347354E-12  0.111533E-12 -0.263953E-35 -0.580452E-38 -0.259251E-35  0.522821E-11 -0.969783E-37 -0.470250E-38 -0.896314E-37  0.110819E-12
   9007.74      0.577927E-11  0.510196E-11  0.677316E-12  0.118241E-12 -0.601876E-36  0.491383E-37 -0.572489E-36  0.554369E-11  0.152814E-35  0.461996E-37  0.145761E-35  0.117342E-12
   9008.60      0.601321E-11  0.510067E-11  0.912532E-12  0.123007E-12  0.338292E-36  0.859253E-37  0.316251E-36  0.576827E-11  0.253907E-35  0.859253E-37  0.244503E-35  0.121934E-12
   9009.49      0.605564E-11  0.509933E-11  0.956308E-12  0.123849E-12  0.754512E-36  0.689933E-37  0.813286E-36  0.580893E-11  0.176324E-35  0.469528E-37  0.159867E-35  0.122867E-12
   9010.39      0.589031E-11  0.509798E-11  0.792331E-12  0.120434E-12  0.359398E-36  0.156175E-37  0.359398E-36  0.564990E-11  0.382036E-36  0.156175E-37  0.382036E-36  0.119978E-12
   9011.32      0.563057E-11  0.512207E-11  0.508500E-12  0.115078E-12 -0.579497E-36 -0.480167E-37 -0.555987E-36  0.539978E-11 -0.171622E-35 -0.480167E-37 -0.169271E-35  0.115705E-12
   9012.26      0.533802E-11  0.514610E-11  0.191918E-12  0.109060E-12 -0.153892E-35 -0.878757E-37 -0.154480E-35  0.511849E-11 -0.277417E-35 -0.819982E-37 -0.277417E-35  0.110475E-12
   9013.22      0.508607E-11  0.517007E-11 -0.839984E-13  0.103885E-12 -0.238595E-35 -0.108107E-36 -0.238595E-35  0.487665E-11 -0.315032E-35 -0.113985E-36 -0.310331E-35  0.105530E-12
   9014.20      0.492328E-11  0.519400E-11 -0.270722E-12  0.100544E-12 -0.307759E-35 -0.119569E-36 -0.303057E-35  0.472086E-11 -0.404370E-35 -0.119569E-36 -0.404370E-35  0.101880E-12
   9015.20      0.480105E-11  0.520137E-11 -0.400319E-12  0.980352E-13 -0.125018E-35 -0.635709E-37 -0.123843E-35  0.460412E-11 -0.150463E-35 -0.635709E-37 -0.145761E-35  0.989027E-13
   9016.22      0.474021E-11  0.520872E-11 -0.468510E-12  0.967821E-13  0.101788E-35  0.556781E-37  0.994368E-36  0.454631E-11  0.173973E-35  0.703718E-37  0.192781E-35  0.971184E-13
   9017.26      0.473688E-11  0.521601E-11 -0.479128E-12  0.967021E-13  0.322630E-35  0.897047E-37  0.266206E-35  0.454362E-11  0.451390E-35  0.955822E-37  0.460794E-35  0.965608E-13
   9018.32      0.477939E-11  0.522328E-11 -0.443890E-12  0.975545E-13  0.439184E-35  0.185156E-36  0.418025E-35  0.458476E-11  0.583045E-35  0.255686E-36  0.648873E-35  0.970756E-13
   9019.39      0.483434E-11  0.522585E-11 -0.391507E-12  0.986572E-13  0.293406E-35  0.159126E-36  0.286353E-35  0.463771E-11  0.460794E-35  0.123861E-36  0.498410E-35  0.979689E-13
   9020.49      0.491327E-11  0.522839E-11 -0.315127E-12  0.100245E-12  0.115677E-35  0.583942E-37  0.986323E-36  0.471353E-11  0.202185E-35  0.583942E-37  0.202185E-35  0.994972E-13
   9021.60      0.500158E-11  0.523089E-11 -0.229305E-12  0.102020E-12  0.645230E-36  0.284371E-37  0.545313E-36  0.479820E-11  0.940395E-36  0.247637E-37  0.952150E-36  0.101358E-12
   9022.74      0.508836E-11  0.523334E-11 -0.144980E-12  0.103761E-12  0.464612E-36  0.244542E-37  0.464612E-36  0.488130E-11  0.940395E-36  0.244542E-37  0.112847E-35  0.103297E-12
   9023.89      0.517139E-11  0.523443E-11 -0.630377E-13  0.105423E-12 -0.795411E-37  0.510752E-38 -0.102316E-36  0.496078E-11  0.293874E-36  0.510752E-38  0.287996E-36  0.105193E-12
   9025.06      0.524913E-11  0.523548E-11  0.136443E-13  0.106975E-12 -0.747242E-36 -0.245900E-37 -0.932383E-36  0.503514E-11 -0.646522E-36 -0.385490E-37 -0.646522E-36  0.107008E-12
   9026.25      0.531894E-11  0.523650E-11  0.824392E-13  0.108364E-12 -0.114423E-35 -0.486955E-37 -0.152627E-35  0.510193E-11 -0.152814E-35 -0.545730E-37 -0.152814E-35  0.108651E-12
   9027.46      0.537690E-11  0.523746E-11  0.139439E-12  0.109513E-12 -0.132798E-35 -0.873231E-37 -0.136913E-35  0.515739E-11 -0.169271E-35 -0.873231E-37 -0.183377E-35  0.109997E-12
   9028.69      0.543683E-11  0.523745E-11  0.199372E-12  0.110701E-12 -0.701636E-36 -0.299972E-37 -0.601719E-36  0.521483E-11 -0.129304E-35 -0.329359E-37 -0.110496E-35  0.111300E-12
   9029.94      0.548035E-11  0.523739E-11  0.242963E-12  0.111557E-12 -0.414945E-36 -0.898055E-38 -0.307681E-36  0.525662E-11 -0.235099E-36 -0.898055E-38 -0.235099E-36  0.112176E-12
   9031.20      0.549778E-11  0.523729E-11  0.260491E-12  0.111883E-12  0.122993E-36  0.289883E-37  0.125931E-36  0.527348E-11  0.658277E-36  0.275189E-37  0.705297E-36  0.112422E-12
   9032.49      0.548173E-11  0.523716E-11  0.244578E-12  0.111529E-12  0.337324E-36  0.337932E-37  0.335855E-36  0.525830E-11  0.110496E-35  0.257117E-37  0.916886E-36  0.111907E-12
   9033.80      0.544597E-11  0.523827E-11  0.207704E-12  0.110774E-12  0.529450E-36  0.275266E-37  0.529450E-36  0.522425E-11  0.952150E-36  0.275266E-37  0.764071E-36  0.110951E-12
   9035.12      0.537183E-11  0.523933E-11  0.132506E-12  0.109239E-12  0.731186E-36  0.323608E-37  0.766451E-36  0.515339E-11  0.963905E-36  0.338302E-37  0.987415E-36  0.109207E-12
   9036.46      0.526741E-11  0.524035E-11  0.270698E-13  0.107088E-12  0.931482E-36  0.277714E-37  0.778668E-36  0.505344E-11  0.124602E-35  0.277714E-37  0.124602E-35  0.106890E-12
   9037.82      0.514735E-11  0.524133E-11 -0.939838E-13  0.104618E-12  0.445361E-36  0.338651E-37  0.442423E-36  0.493840E-11  0.940395E-36  0.353345E-37  0.928641E-36  0.104325E-12
   9039.20      0.503049E-11  0.524269E-11 -0.212202E-12  0.102213E-12  0.274176E-37  0.389799E-38  0.272339E-37  0.482637E-11  0.202773E-36  0.426533E-38  0.202773E-36  0.101904E-12
   9040.60      0.493017E-11  0.524404E-11 -0.313872E-12  0.100143E-12 -0.205204E-36 -0.102789E-37 -0.240469E-36  0.473015E-11 -0.240976E-36 -0.752385E-38 -0.258609E-36  0.998770E-13
   9042.02      0.486329E-11  0.524533E-11 -0.382039E-12  0.987533E-13 -0.883407E-37 -0.473543E-38 -0.111851E-36  0.466599E-11 -0.105794E-36 -0.427625E-38 -0.105794E-36  0.985454E-13
   9043.46      0.483852E-11  0.524658E-11 -0.408058E-12  0.982194E-13  0.289668E-36  0.280147E-37  0.283791E-36  0.464227E-11  0.634767E-36  0.221372E-37  0.670032E-36  0.980362E-13
   9044.92      0.485721E-11  0.524951E-11 -0.392299E-12  0.985684E-13 -0.879659E-38  0.353154E-38 -0.102200E-37  0.466029E-11  0.881621E-37  0.252135E-38  0.866927E-37  0.983468E-13
   9046.40      0.491287E-11  0.525237E-11 -0.339503E-12  0.996684E-13 -0.555418E-37 -0.218732E-38 -0.628887E-37  0.471386E-11 -0.705297E-37 -0.301384E-38 -0.778765E-37  0.993382E-13
   9047.89      0.499112E-11  0.525522E-11 -0.264097E-12  0.101226E-12  0.912426E-37  0.197997E-38  0.912426E-37  0.478914E-11  0.617135E-37  0.202589E-38  0.631828E-37  0.100758E-12
   9049.41      0.507453E-11  0.525801E-11 -0.183480E-12  0.102886E-12  0.429945E-36  0.120942E-37  0.406435E-36  0.486933E-11  0.440810E-36  0.128289E-37  0.382036E-36  0.102318E-12
   9050.94      0.514998E-11  0.525967E-11 -0.109690E-12  0.104381E-12 -0.177782E-37  0.646553E-38 -0.197068E-37  0.494178E-11  0.176324E-36  0.683287E-38  0.173385E-36  0.103811E-12
   9052.49      0.520479E-11  0.526126E-11 -0.564726E-13  0.105453E-12  0.414697E-37  0.149583E-37  0.387146E-37  0.499430E-11  0.423178E-36  0.127542E-37  0.387913E-36  0.105033E-12
   9054.06      0.523438E-11  0.526282E-11 -0.284395E-13  0.106011E-12  0.622893E-36  0.674665E-37  0.622893E-36  0.502248E-11  0.122251E-35  0.645278E-37  0.119900E-35  0.105884E-12
   9055.66      0.524146E-11  0.526434E-11 -0.228790E-13  0.106110E-12  0.158800E-35  0.127877E-36  0.127061E-35  0.502899E-11  0.230397E-35  0.808570E-37  0.253907E-35  0.106357E-12
   9057.26      0.523783E-11  0.526688E-11 -0.290535E-13  0.105992E-12  0.207388E-35  0.959508E-37  0.205037E-35  0.502523E-11  0.277417E-35  0.959508E-37  0.258609E-35  0.106600E-12
   9058.89      0.522936E-11  0.526940E-11 -0.400431E-13  0.105779E-12  0.175682E-35  0.927992E-37  0.168629E-35  0.501696E-11  0.244503E-35  0.428407E-37  0.235099E-35  0.106619E-12
   9060.54      0.522613E-11  0.527187E-11 -0.457390E-13  0.105676E-12  0.153746E-35  0.737978E-37  0.113779E-35  0.501391E-11  0.155165E-35  0.473492E-37  0.143410E-35  0.106542E-12
   9062.21      0.523616E-11  0.527429E-11 -0.381295E-13  0.105844E-12  0.182909E-35  0.312652E-37  0.178207E-35  0.502379E-11  0.155165E-35  0.459589E-37  0.164569E-35  0.106530E-12
   9063.89      0.526249E-11  0.527612E-11 -0.136372E-13  0.106344E-12  0.122228E-35  0.522971E-37  0.103420E-35  0.504942E-11  0.893376E-36  0.376035E-37  0.105794E-35  0.106720E-12
   9065.60      0.530725E-11  0.527790E-11  0.293514E-13  0.107216E-12 -0.406732E-36 -0.931483E-38 -0.315631E-36  0.509276E-11 -0.452565E-36 -0.968218E-38 -0.470198E-36  0.107269E-12
   9067.32      0.537115E-11  0.527965E-11  0.914957E-13  0.108470E-12 -0.249964E-35 -0.796086E-37 -0.229981E-35  0.515435E-11 -0.286821E-35 -0.972410E-37 -0.277417E-35  0.108322E-12
   9069.07      0.545361E-11  0.528137E-11  0.172242E-12  0.110094E-12 -0.550410E-35 -0.249869E-36 -0.569218E-35  0.523357E-11 -0.601853E-35 -0.196972E-36 -0.564237E-35  0.109947E-12
   9070.83      0.554757E-11  0.528149E-11  0.266081E-12  0.111945E-12 -0.386522E-35 -0.125251E-36 -0.386522E-35  0.532365E-11 -0.394966E-35 -0.169332E-36 -0.394966E-35  0.111975E-12
   9072.61      0.565265E-11  0.528157E-11  0.371082E-12  0.114016E-12 -0.187815E-35 -0.550641E-37 -0.187815E-35  0.542432E-11 -0.305629E-35 -0.550641E-37 -0.282119E-35  0.114312E-12
   9074.41      0.576053E-11  0.528159E-11  0.478943E-12  0.116143E-12 -0.115129E-35 -0.647899E-37 -0.136288E-35  0.552776E-11 -0.134006E-35 -0.427494E-37 -0.136357E-35  0.116631E-12
   9076.23      0.585787E-11  0.528160E-11  0.576274E-12  0.118061E-12 -0.927537E-36 -0.410098E-37 -0.933414E-36  0.562130E-11 -0.799336E-36 -0.424792E-37 -0.752316E-36  0.118513E-12
   9078.07      0.592480E-11  0.528012E-11  0.644678E-12  0.119369E-12 -0.584108E-37 -0.560662E-38 -0.635535E-37  0.568593E-11 -0.141059E-36 -0.533111E-38 -0.141059E-36  0.119494E-12
   9079.92      0.594634E-11  0.527863E-11  0.667713E-12  0.119766E-12  0.314745E-36 -0.579842E-39  0.322091E-36  0.570725E-11 -0.183671E-37 -0.304335E-39 -0.154284E-37  0.119325E-12
   9081.80      0.590675E-11  0.527708E-11  0.629674E-12  0.118934E-12  0.236719E-36 -0.583217E-38  0.233780E-36  0.566996E-11 -0.167508E-36 -0.619951E-38 -0.179263E-36  0.117855E-12
   9083.70      0.579819E-11  0.527550E-11  0.522691E-12  0.116710E-12  0.470935E-37 -0.290418E-39  0.683993E-37  0.556632E-11 -0.580400E-37 -0.336336E-39 -0.639175E-37  0.115156E-12
   9085.61      0.562328E-11  0.527233E-11  0.350956E-12  0.113146E-12 -0.863987E-37  0.132434E-37 -0.757458E-37  0.539864E-11  0.387913E-36  0.132434E-37  0.405546E-36  0.111496E-12
   9087.54      0.540053E-11  0.526915E-11  0.131380E-12  0.108612E-12 -0.157447E-36  0.236299E-37 -0.139815E-36  0.518458E-11  0.775826E-36  0.177524E-37  0.764071E-36  0.107331E-12
   9089.50      0.515733E-11  0.526591E-11 -0.108585E-12  0.103664E-12 -0.127520E-36  0.419099E-37 -0.127520E-36  0.495052E-11  0.799336E-36  0.375018E-37  0.799336E-36  0.103149E-12
   9091.47      0.492616E-11  0.526265E-11 -0.336486E-12  0.989565E-13 -0.835171E-37  0.120508E-37 -0.838844E-37  0.472782E-11  0.282119E-36  0.911208E-38  0.282119E-36  0.993907E-13
   9093.46      0.473557E-11  0.525791E-11 -0.522339E-12  0.950701E-13  0.423566E-37  0.433785E-38  0.416220E-37  0.454416E-11  0.146937E-36  0.250114E-38  0.161630E-36  0.963387E-13
   9095.47      0.460769E-11  0.525316E-11 -0.645465E-12  0.924532E-13 -0.338609E-36 -0.198880E-37 -0.338609E-36  0.442107E-11 -0.417300E-36 -0.129085E-37 -0.393791E-36  0.941703E-13
   9097.50      0.454857E-11  0.524836E-11 -0.699789E-12  0.912280E-13 -0.117066E-35 -0.276810E-37 -0.116478E-35  0.436446E-11 -0.150463E-35 -0.159261E-37 -0.138708E-35  0.928758E-13
   9099.55      0.454938E-11  0.524355E-11 -0.694168E-12  0.912148E-13 -0.194992E-35 -0.883821E-37 -0.157376E-35  0.436583E-11 -0.263311E-35 -0.103076E-36 -0.258609E-35  0.923306E-13
   9101.61      0.459047E-11  0.523737E-11 -0.646905E-12  0.920135E-13 -0.126525E-35 -0.705869E-37 -0.121823E-35  0.440610E-11 -0.249205E-35 -0.676481E-37 -0.249205E-35  0.923534E-13
   9103.70      0.464852E-11  0.523119E-11 -0.582672E-12  0.931497E-13 -0.444352E-36 -0.356797E-37 -0.442882E-36  0.446259E-11 -0.143410E-35 -0.298023E-37 -0.124602E-35  0.927822E-13
   9105.80      0.470442E-11  0.522499E-11 -0.520570E-12  0.942347E-13  0.612773E-37 -0.161511E-37  0.546652E-37  0.451670E-11 -0.115198E-35 -0.176205E-37 -0.119900E-35  0.934898E-13
   9107.93      0.474945E-11  0.521876E-11 -0.469310E-12  0.950917E-13  0.380496E-36 -0.353743E-37  0.287926E-36  0.455994E-11 -0.117549E-35 -0.463946E-37 -0.963905E-36  0.944143E-13
   9110.07      0.478783E-11  0.521176E-11 -0.423934E-12  0.958073E-13  0.741809E-36  0.103290E-37  0.800583E-36  0.459646E-11  0.335016E-36  0.140025E-37  0.329138E-36  0.955625E-13
   9112.23      0.483232E-11  0.520474E-11 -0.372416E-12  0.966418E-13 -0.268847E-36  0.176146E-38 -0.271785E-36  0.463873E-11  0.617135E-37  0.162371E-38  0.543666E-37  0.969446E-13
   9114.41      0.489949E-11  0.519771E-11 -0.298213E-12  0.979323E-13 -0.207939E-35 -0.106874E-36 -0.205588E-35  0.470297E-11 -0.310331E-35 -0.112752E-36 -0.338542E-35  0.985921E-13
   9116.61      0.500123E-11  0.519063E-11 -0.189404E-12  0.999202E-13 -0.603226E-35 -0.264511E-36 -0.565610E-35  0.480079E-11 -0.940395E-35 -0.346796E-36 -0.921588E-35  0.100518E-12
   9118.83      0.513854E-11  0.518322E-11 -0.446799E-13  0.102625E-12 -0.722846E-35 -0.157964E-36 -0.640561E-35  0.493322E-11 -0.101563E-34 -0.263758E-36 -0.978011E-35  0.102694E-12
   9121.07      0.529895E-11  0.517578E-11  0.123170E-12  0.105795E-12 -0.521838E-35 -0.174961E-36 -0.420746E-35  0.508811E-11 -0.733508E-35 -0.192593E-36 -0.658277E-35  0.105044E-12
   9123.33      0.546054E-11  0.516834E-11  0.292198E-12  0.108983E-12 -0.144101E-35 -0.470356E-37 -0.159382E-35  0.524410E-11 -0.157516E-35 -0.764229E-37 -0.157516E-35  0.107458E-12
   9125.61      0.559877E-11  0.516085E-11  0.437918E-12  0.111694E-12  0.105607E-35  0.476319E-37  0.124415E-35  0.537728E-11  0.216291E-35  0.446931E-37  0.202185E-35  0.109795E-12
   9127.90      0.569412E-11  0.515357E-11  0.540543E-12  0.113534E-12  0.346357E-35  0.125065E-36  0.336953E-35  0.546867E-11  0.329138E-35  0.780451E-37  0.324436E-35  0.111913E-12
   9130.22      0.574106E-11  0.514627E-11  0.594790E-12  0.114395E-12  0.440597E-35  0.103878E-36  0.438246E-35  0.551299E-11  0.441986E-35  0.103878E-36  0.441986E-35  0.113679E-12
   9132.55      0.574886E-11  0.513894E-11  0.609915E-12  0.114468E-12  0.610759E-35  0.193776E-36  0.608408E-35  0.551937E-11  0.507814E-35  0.187899E-36  0.507814E-35  0.115021E-12
   9134.90      0.573770E-11  0.513160E-11  0.606103E-12  0.114164E-12  0.590156E-35  0.209814E-36  0.703003E-35  0.550762E-11  0.771124E-35  0.350873E-36  0.695893E-35  0.115918E-12
   9137.27      0.572973E-11  0.512424E-11  0.605485E-12  0.113934E-12  0.493803E-35  0.183793E-36  0.500856E-35  0.549941E-11  0.865164E-35  0.230812E-36  0.883972E-35  0.116389E-12
   9139.67      0.573852E-11  0.511685E-11  0.621675E-12  0.114052E-12  0.236891E-35  0.253822E-36  0.274507E-35  0.550803E-11  0.573641E-35  0.259700E-36  0.583045E-35  0.116441E-12
   9142.08      0.576096E-11  0.510943E-11  0.651535E-12  0.114455E-12  0.400044E-36  0.681639E-37  0.455880E-36  0.553049E-11  0.296225E-35  0.916738E-37  0.282119E-35  0.116013E-12
   9144.50      0.577511E-11  0.510199E-11  0.673119E-12  0.114703E-12 -0.367349E-35 -0.706162E-37 -0.357945E-35  0.554546E-11 -0.202185E-35 -0.573919E-37 -0.202185E-35  0.114946E-12
   9146.95      0.574548E-11  0.509452E-11  0.650956E-12  0.114081E-12 -0.806782E-35 -0.232202E-36 -0.797378E-35  0.551841E-11 -0.639469E-35 -0.238080E-36 -0.695893E-35  0.112986E-12
   9149.42      0.563477E-11  0.508704E-11  0.547738E-12  0.111842E-12 -0.102965E-34 -0.604302E-36 -0.907403E-35  0.541308E-11 -0.120371E-34 -0.392713E-36 -0.122251E-34  0.109849E-12
   9151.90      0.541576E-11  0.508032E-11  0.335445E-12  0.107443E-12 -0.997812E-35 -0.417403E-36 -0.100251E-34  0.520301E-11 -0.120371E-34 -0.546707E-36 -0.139179E-34  0.105311E-12
   9154.41      0.509268E-11  0.507358E-11  0.190997E-13  0.100969E-12 -0.105041E-34 -0.460754E-36 -0.100809E-34  0.489226E-11 -0.142940E-34 -0.484263E-36 -0.159867E-34  0.994506E-13
   9156.93      0.469945E-11  0.506681E-11 -0.367360E-12  0.931036E-13 -0.905284E-35 -0.390128E-36 -0.750119E-35  0.451369E-11 -0.139179E-34 -0.366618E-36 -0.124132E-34  0.926642E-13
   9159.48      0.429723E-11  0.506003E-11 -0.762796E-12  0.850677E-13 -0.958875E-35 -0.255562E-36 -0.817816E-35  0.412644E-11 -0.996819E-35 -0.255562E-36 -0.996819E-35  0.857286E-13
   9162.04      0.396062E-11  0.505322E-11 -0.109260E-11  0.783465E-13 -0.320371E-35 -0.176545E-36 -0.388550E-35  0.380257E-11 -0.630065E-35 -0.223565E-36 -0.554833E-35  0.797023E-13
   9164.62      0.375846E-11  0.504639E-11 -0.128792E-11  0.743042E-13 -0.512085E-36 -0.398185E-37 -0.515023E-36  0.360845E-11 -0.162218E-35 -0.486347E-37 -0.162218E-35  0.757095E-13
   9167.22      0.373495E-11  0.503953E-11 -0.130457E-11  0.738094E-13  0.226948E-35  0.558436E-37  0.264564E-35  0.358649E-11  0.244503E-35  0.573130E-37  0.225695E-35  0.746514E-13
   9169.84      0.389649E-11  0.503265E-11 -0.113616E-11  0.769769E-13  0.580496E-35  0.144849E-36  0.608708E-35  0.374259E-11  0.583045E-35  0.138971E-36  0.592449E-35  0.769265E-13
   9172.48      0.420884E-11  0.502575E-11 -0.816915E-12  0.831166E-13  0.814208E-35  0.403192E-36  0.818910E-35  0.404346E-11  0.109086E-34  0.414947E-36  0.101563E-34  0.822550E-13
   9175.14      0.460518E-11  0.501881E-11 -0.413626E-12  0.908978E-13  0.775771E-35  0.491939E-36  0.653519E-35  0.442461E-11  0.103444E-34  0.468429E-36  0.118490E-34  0.896673E-13
   9177.81      0.500419E-11  0.501176E-11 -0.756305E-14  0.987103E-13  0.668067E-35  0.450264E-36  0.517603E-35  0.480776E-11  0.978011E-35  0.438509E-36  0.978011E-35  0.977251E-13
   9180.51      0.532432E-11  0.500466E-11  0.319651E-12  0.104949E-12  0.343924E-35  0.988754E-37  0.343924E-35  0.511466E-11  0.658277E-35  0.275200E-36  0.648873E-35  0.104703E-12
   9183.22      0.551239E-11  0.499755E-11  0.514843E-12  0.108575E-12  0.180619E-35  0.166180E-36  0.157109E-35  0.529459E-11  0.423178E-35  0.838956E-37  0.409072E-35  0.109226E-12
   9185.96      0.555092E-11  0.499044E-11  0.560485E-12  0.109258E-12  0.773002E-36  0.817275E-37  0.908184E-36  0.533111E-11  0.225695E-35  0.758500E-37  0.268013E-35  0.110553E-12
   9188.71      0.545873E-11  0.498328E-11  0.475453E-12  0.107378E-12  0.991395E-36  0.342261E-37  0.116772E-35  0.524260E-11  0.138708E-35  0.239405E-37  0.119900E-35  0.108759E-12
   9191.48      0.528222E-11  0.497610E-11  0.306122E-12  0.103855E-12  0.202869E-35  0.311966E-37  0.174658E-35  0.507367E-11  0.987415E-36  0.326660E-37  0.108145E-35  0.104694E-12
   9194.27      0.508085E-11  0.496892E-11  0.111927E-12  0.998544E-13  0.160783E-35  0.399552E-37  0.200750E-35  0.488127E-11  0.119900E-35  0.399552E-37  0.129304E-35  0.997262E-13
   9197.08      0.491127E-11  0.496170E-11 -0.504351E-13  0.964836E-13  0.165514E-35  0.220293E-37  0.184322E-35  0.471943E-11  0.881621E-36  0.176212E-37  0.893376E-36  0.953541E-13
   9199.91      0.481487E-11  0.495446E-11 -0.139597E-12  0.945451E-13  0.741555E-36  0.347129E-38  0.897308E-36  0.462751E-11  0.102856E-36  0.438964E-38  0.101386E-36  0.928080E-13
   9202.76      0.481104E-11  0.494722E-11 -0.136179E-12  0.944115E-13 -0.124149E-35 -0.531526E-37 -0.104166E-35  0.462389E-11 -0.155165E-35 -0.355201E-37 -0.155165E-35  0.927415E-13
   9205.62      0.489669E-11  0.493848E-11 -0.417911E-13  0.960182E-13 -0.324864E-35 -0.861850E-37 -0.254334E-35  0.470556E-11 -0.315032E-35 -0.861850E-37 -0.324436E-35  0.951129E-13
   9208.51      0.504927E-11  0.492973E-11  0.119542E-12  0.989255E-13 -0.335279E-35 -0.103953E-36 -0.330577E-35  0.485114E-11 -0.286821E-35 -0.101014E-36 -0.286821E-35  0.992039E-13
   9211.42      0.523553E-11  0.492098E-11  0.314553E-12  0.102489E-12 -0.247797E-35 -0.526807E-37 -0.217234E-35  0.502912E-11 -0.209238E-35 -0.761905E-37 -0.185728E-35  0.103921E-12
   9214.34      0.541846E-11  0.491219E-11  0.506275E-12  0.105992E-12 -0.126221E-35 -0.749407E-38 -0.126221E-35  0.520437E-11 -0.276241E-36 -0.455534E-38 -0.276241E-36  0.108098E-12
   9217.28      0.556264E-11  0.490340E-11  0.659242E-12  0.108747E-12  0.748401E-36  0.337252E-37  0.771911E-36  0.534312E-11  0.150463E-35  0.454802E-37  0.136357E-35  0.110774E-12
   9220.25      0.563823E-11  0.489458E-11  0.743655E-12  0.110172E-12  0.361163E-35  0.100723E-36  0.370567E-35  0.541668E-11  0.249205E-35  0.109539E-36  0.249205E-35  0.111376E-12
   9223.23      0.562394E-11  0.488574E-11  0.738200E-12  0.109848E-12  0.432147E-35  0.129526E-36  0.432147E-35  0.540431E-11  0.394966E-35  0.158913E-36  0.394966E-35  0.109776E-12
   9226.23      0.550996E-11  0.487690E-11  0.633061E-12  0.107578E-12  0.389018E-35  0.175882E-36  0.367859E-35  0.529614E-11  0.319734E-35  0.128863E-36  0.357350E-35  0.106238E-12
   9229.25      0.530088E-11  0.486802E-11  0.432857E-12  0.103446E-12  0.306515E-35  0.116427E-36  0.278303E-35  0.509613E-11  0.286821E-35  0.899785E-37  0.263311E-35  0.101301E-12
   9232.29      0.501750E-11  0.485913E-11  0.158368E-12  0.978564E-13  0.154859E-35  0.763988E-37  0.158386E-35  0.482400E-11  0.162218E-35  0.705214E-37  0.169271E-35  0.956471E-13
   9235.34      0.469455E-11  0.484895E-11 -0.154402E-12  0.914878E-13 -0.308598E-36  0.223053E-38 -0.407046E-36  0.451309E-11  0.881621E-37  0.195502E-38  0.896314E-37  0.899712E-13
   9238.42      0.438214E-11  0.483873E-11 -0.456594E-12  0.853231E-13 -0.197429E-35 -0.508313E-37 -0.203306E-35  0.421184E-11 -0.162218E-35 -0.625862E-37 -0.157516E-35  0.849718E-13
   9241.51      0.412982E-11  0.482852E-11 -0.698705E-12  0.803344E-13 -0.314029E-35 -0.112485E-36 -0.332837E-35  0.396829E-11 -0.418476E-35 -0.138934E-36 -0.441986E-35  0.811882E-13
   9244.63      0.397795E-11  0.481828E-11 -0.840328E-12  0.773125E-13 -0.259942E-35 -0.937465E-37 -0.323419E-35  0.382164E-11 -0.352648E-35 -0.937465E-37 -0.404370E-35  0.789909E-13
   9247.76      0.394731E-11  0.480804E-11 -0.860728E-12  0.766622E-13 -0.232595E-35 -0.392946E-37 -0.233183E-35  0.379212E-11 -0.169271E-35 -0.437027E-37 -0.199834E-35  0.785286E-13
   9250.92      0.403250E-11  0.479777E-11 -0.765275E-12  0.782740E-13  0.428247E-36  0.409800E-37  0.428247E-36  0.387454E-11  0.145761E-35  0.453881E-37  0.150463E-35  0.796868E-13
   9254.09      0.420242E-11  0.478751E-11 -0.585086E-12  0.815356E-13  0.240356E-35  0.111775E-36  0.245058E-35  0.403881E-11  0.423178E-35  0.158794E-36  0.441986E-35  0.820796E-13
   9257.28      0.440839E-11  0.477722E-11 -0.368829E-12  0.854925E-13  0.414464E-35  0.937846E-37  0.383901E-35  0.423779E-11  0.705297E-35  0.234844E-36  0.658277E-35  0.851085E-13
   9260.49      0.459768E-11  0.476693E-11 -0.169249E-12  0.891152E-13  0.318358E-35  0.227761E-36  0.320709E-35  0.442048E-11  0.536025E-35  0.251271E-36  0.498410E-35  0.880852E-13
   9263.72      0.472896E-11  0.475661E-11 -0.276524E-13  0.915998E-13  0.179899E-35  0.550806E-37  0.182250E-35  0.454696E-11  0.216291E-35  0.712437E-37  0.220993E-35  0.904027E-13
   9266.97      0.478382E-11  0.474622E-11  0.375950E-13  0.925928E-13 -0.657756E-36 -0.540367E-37 -0.643063E-36  0.459953E-11 -0.192781E-35 -0.540367E-37 -0.183377E-35  0.916920E-13
   9270.23      0.477253E-11  0.473580E-11  0.367261E-13  0.922993E-13 -0.199646E-35 -0.214007E-36 -0.278404E-35  0.458825E-11 -0.507814E-35 -0.208129E-36 -0.573641E-35  0.919754E-13
   9273.52      0.472807E-11  0.472537E-11  0.270173E-14  0.913649E-13 -0.330328E-35 -0.117897E-36 -0.367943E-35  0.454509E-11 -0.460794E-35 -0.106142E-36 -0.536025E-35  0.916221E-13
   9276.82      0.469345E-11  0.471495E-11 -0.214969E-13  0.906259E-13 -0.159471E-35 -0.179865E-36 -0.178279E-35  0.451160E-11 -0.376158E-35 -0.144600E-36 -0.329138E-35  0.912266E-13
   9280.15      0.470571E-11  0.470450E-11  0.121671E-14  0.907990E-13 -0.652816E-36 -0.171212E-37 -0.752733E-36  0.452352E-11 -0.658277E-36 -0.274068E-37 -0.764071E-36  0.913959E-13
   9283.49      0.478219E-11  0.469405E-11  0.881356E-13  0.922154E-13  0.207257E-35  0.541449E-37  0.186686E-35  0.459746E-11  0.343244E-35  0.453287E-37  0.324436E-35  0.925147E-13
   9286.85      0.491390E-11  0.468358E-11  0.230326E-12  0.946962E-13  0.304371E-35  0.199167E-36  0.299669E-35  0.472462E-11  0.620661E-35  0.116883E-36  0.695893E-35  0.945824E-13
   9290.24      0.506821E-11  0.467311E-11  0.395095E-12  0.976062E-13  0.392658E-35  0.182285E-36  0.390308E-35  0.487342E-11  0.733508E-35  0.229305E-36  0.724105E-35  0.971806E-13
   9293.64      0.519998E-11  0.466262E-11  0.537355E-12  0.100073E-12  0.437669E-35  0.110816E-36  0.456477E-35  0.500031E-11  0.554833E-35  0.157836E-36  0.536025E-35  0.995913E-13
   9297.06      0.526695E-11  0.465214E-11  0.614816E-12  0.101284E-12  0.209322E-35  0.897449E-37  0.174057E-35  0.506464E-11  0.211589E-35  0.926836E-37  0.178675E-35  0.101029E-12
   9300.49      0.524478E-11  0.464234E-11  0.602444E-12  0.100777E-12 -0.144454E-35 -0.752469E-37 -0.130348E-35  0.504308E-11 -0.291523E-35 -0.752469E-37 -0.286821E-35  0.100921E-12
   9303.95      0.513262E-11  0.463253E-11  0.500089E-12  0.985429E-13 -0.641255E-35 -0.260858E-36 -0.620096E-35  0.493501E-11 -0.630065E-35 -0.213838E-36 -0.714701E-35  0.990625E-13
   9307.43      0.495555E-11  0.462271E-11  0.332843E-12  0.950702E-13 -0.751401E-35 -0.239656E-36 -0.673818E-35  0.476473E-11 -0.733508E-35 -0.345450E-36 -0.752316E-35  0.957568E-13
   9310.92      0.475437E-11  0.461288E-11  0.141489E-12  0.911455E-13 -0.509965E-35 -0.159577E-36 -0.528773E-35  0.457153E-11 -0.789932E-35 -0.159577E-36 -0.799336E-35  0.916953E-13
   9314.44      0.457178E-11  0.460306E-11 -0.312853E-13  0.875875E-13 -0.493879E-35 -0.134820E-36 -0.470369E-35  0.439645E-11 -0.394966E-35 -0.134820E-36 -0.432582E-35  0.877352E-13
   9317.97      0.443906E-11  0.459321E-11 -0.154146E-12  0.849914E-13 -0.187410E-35 -0.505667E-37 -0.203867E-35  0.426944E-11 -0.145761E-35 -0.505667E-37 -0.157516E-35  0.846289E-13
   9321.52      0.436789E-11  0.458335E-11 -0.215459E-12  0.835741E-13 -0.279579E-36  0.415233E-37 -0.282518E-36  0.420151E-11  0.110496E-35  0.415233E-37  0.110496E-35  0.828022E-13
   9325.10      0.434929E-11  0.457348E-11 -0.224186E-12  0.831584E-13  0.104055E-35  0.683934E-37  0.693775E-36  0.418388E-11  0.249205E-35  0.713322E-37  0.253907E-35  0.822527E-13
   9328.69      0.436019E-11  0.456360E-11 -0.203407E-12  0.832998E-13  0.178732E-35  0.847711E-37  0.179908E-35  0.419429E-11  0.225695E-35  0.671387E-37  0.225695E-35  0.826026E-13
   9332.30      0.437374E-11  0.455371E-11 -0.179966E-12  0.834861E-13  0.108836E-35  0.257303E-37  0.128231E-35  0.420698E-11  0.740561E-36  0.198528E-37  0.740561E-36  0.832704E-13
   9335.93      0.437007E-11  0.454452E-11 -0.174444E-12  0.833415E-13 -0.285194E-36 -0.694407E-37 -0.332214E-36  0.420303E-11 -0.192781E-35 -0.576857E-37 -0.209238E-35  0.837028E-13
   9339.58      0.434240E-11  0.453531E-11 -0.192910E-12  0.827416E-13 -0.128467E-35 -0.115012E-36 -0.123178E-35  0.417610E-11 -0.268013E-35 -0.115012E-36 -0.263311E-35  0.835644E-13
   9343.24      0.429770E-11  0.452610E-11 -0.228398E-12  0.818233E-13 -0.280959E-35 -0.150574E-37 -0.280959E-35  0.413306E-11 -0.300927E-35 -0.109097E-36 -0.300927E-35  0.828205E-13
   9346.93      0.425181E-11  0.451687E-11 -0.265066E-12  0.808901E-13 -0.146961E-35 -0.568363E-37 -0.128741E-35  0.408920E-11 -0.249205E-35 -0.685913E-37 -0.235099E-35  0.817133E-13
   9350.63      0.422183E-11  0.450764E-11 -0.285807E-12  0.802659E-13 -0.505125E-36 -0.249703E-37 -0.393453E-36  0.406093E-11 -0.458443E-36 -0.187255E-37 -0.552482E-36  0.806359E-13
   9354.36      0.421897E-11  0.449840E-11 -0.279426E-12  0.801595E-13  0.818761E-36  0.120112E-37  0.754109E-36  0.405884E-11  0.119900E-35  0.178887E-37  0.119900E-35  0.799664E-13
   9358.10      0.424476E-11  0.448914E-11 -0.244378E-12  0.805952E-13  0.225923E-35  0.964620E-37  0.190658E-35  0.408423E-11  0.291523E-35  0.994007E-37  0.319734E-35  0.799319E-13
   9361.86      0.429202E-11  0.447987E-11 -0.187851E-12  0.814323E-13  0.275864E-35  0.121110E-36  0.301725E-35  0.413004E-11  0.432582E-35  0.121110E-36  0.394966E-35  0.805507E-13
   9365.65      0.434928E-11  0.447060E-11 -0.121317E-12  0.824514E-13  0.413170E-35  0.162337E-36  0.455488E-35  0.418517E-11  0.517218E-35  0.168214E-36  0.601853E-35  0.816611E-13
   9369.44      0.440654E-11  0.446132E-11 -0.547716E-13  0.834638E-13  0.361502E-35  0.300737E-37  0.359151E-35  0.424006E-11  0.545429E-35  0.359511E-37  0.554833E-35  0.830170E-13
