   1.5073304634542688E-004  -6.0120155883039717E-006   9.9460094186684981E-007   4.0080966481583047E-005   1582.9986199544462     
   1.5846129489165505E-004   1.3466859678057890E-005   3.5622476625399357E-005   3.8346688562061659E-005   3521.2900509726774     
   1.6658577921391449E-004  -6.3344073452714399E-006  -5.7022441621413047E-007   3.8496280591841922E-005   1169.3903519349556     
   1.7512681475486631E-004   1.4461883701857412E-005   3.5953628350539839E-005   3.6701134925538678E-005   2871.3660726653789     
   1.8410575855218897E-004  -6.3593692659952038E-006  -2.1901716691472722E-006   3.6957345434700272E-005   862.23310507140536     
   1.9354506264229938E-004   1.5513024788288493E-005   3.6333507884351484E-005   3.5073379779945618E-005   2344.6419659037961     
   2.0346833020213646E-004  -6.6154409875693712E-006  -3.8762270465105748E-006   3.5431270478110063E-005   621.13346466838811     
   2.1390037456939866E-004   1.6759243402773489E-005   3.6767410606420774E-005   3.3439374720857286E-005   1919.8329574839731     
   2.2486728128881411E-004  -6.4868276157522002E-006  -5.6358355313595872E-006   3.3900931870122189E-005   445.16409679097427     
   2.3639647333958716E-004   1.8089472598783694E-005   3.7264882870057810E-005   3.1787271822839613E-005   1574.2984520851876     
   2.4851677970713350E-004  -6.6163858273667977E-006  -7.4850784005933501E-006   3.2360774962356509E-005   306.77483225239973     
   2.6125850747055727E-004   1.9677810348630183E-005   3.7840816588743832E-005   3.0114083696547668E-005   1295.5667091744860     
   2.7465351758613609E-004  -6.2461201742873423E-006  -9.4322495563145278E-006   3.0812325834617557E-005   209.13283761915031     
   2.8873530455630913E-004   2.1392798747162265E-005   3.8512745278910336E-005   2.8421963356781606E-005   1068.5921539064225     
   3.0353908018337597E-004  -6.1563889162948514E-006  -1.1499111113508452E-005   2.9261846403746119E-005   132.43171571407422     
   3.1910186161734775E-004   2.3453308341023880E-005   3.9305536108965005E-005   2.6716177429500698E-005   885.77769470197666     
   3.3546256391809968E-004  -5.4142187853181071E-006  -1.3697097940773375E-005   2.7718654613852831E-005   81.353043726423294     
   3.5266209736329235E-004   2.5705375582907811E-005   4.0243795087369316E-005   2.5004020213864402E-005   736.78300720422203     
   3.7074346974537675E-004  -4.9646148737343038E-006  -1.6054721095900984E-005   2.6194171620144908E-005   41.278818332069775     
   3.8975189391347344E-004   2.8424651463772872E-005   4.1361195665623799E-005   2.3293561732007564E-005   616.96593910811737     
   4.0973490082904897E-004  -3.6579782473407850E-006  -1.8586417959789237E-005   2.4701440469344537E-005   17.310315735028681     
   4.3074245841807571E-004   3.1433652386258597E-005   4.2689667535452103E-005   2.1593149047025537E-005   519.12990653909617     
   4.5282709651687429E-004  -2.6370262795730161E-006  -2.1329747698750667E-005   2.3254345100921612E-005  -1.5335875764461033     
   4.7604403822406645E-004   3.5081188171033129E-005   4.4271667109036994E-005   1.9911038527364153E-005   440.50942287740997     
   5.0045133798708413E-004  -4.8333752650838754E-007  -2.4301332848970028E-005   2.1867582594044370E-005  -10.267469453830083     
   5.2611002676852998E-004   3.9165271211758233E-005   4.6144556044282976E-005   1.8254440429414956E-005   376.05443849320392     
   5.5308426465537186E-004   1.4241771497215013E-006  -2.7550351046929714E-005   2.0556144628753978E-005  -17.254802995831973     
   5.8144150129257964E-004   4.4129589660019662E-005   4.8360192486915517E-005   1.6629491821932497E-005   324.20510667759299     
   6.1125264454237212E-004   4.8380828607450413E-006  -3.1094278487531495E-005   1.9335089999174919E-005  -17.891723437719563     
   6.4259223779080342E-004   4.9749211985869662E-005   5.0960686798625539E-005   1.5040525822027194E-005   281.40246319140289     
   6.7553864634506064E-004   8.0993971312752745E-006  -3.4995950755351116E-005   1.8219810513342056E-005  -18.621933626785435     
   7.1017425338754689E-004   5.6591778095097659E-005   5.4008835987470372E-005   1.3490032142714490E-005   246.85390107520828     
   7.4658566597675055E-004   1.3376322247354271E-005  -3.9271438197515692E-005   1.7225176483531177E-005  -15.342262032017153     
   7.8486393161000324E-004   6.4413359715717575E-005   5.7551031516904224E-005   1.1978114040559015E-005   218.03692080356825     
   8.2510476588964468E-004   1.8678996698553538E-005  -4.4002287273391995E-005   1.6366149690832638E-005  -13.076341414172305     
   8.6740879186188928E-004   7.3943199262593466E-005   6.1663681365446062E-005   1.0502226133801350E-005   194.63206191506171     
   9.1188179162685057E-004   2.6693476832837135E-005  -4.9200774893463770E-005   1.5657532104799197E-005  -8.2530613753268121     
   9.5863497084889215E-004   8.4927844914702718E-005   6.6398421857125550E-005   9.0568858850246995E-006   174.83929022023298     
   1.0077852368287135E-003   3.5042057486825482E-005  -5.4972336225354309E-005   1.5114869223191367E-005  -4.8257259533192469     
   1.0594554908324924E-003   9.8308507213693051E-005   7.1851620926614284E-005   7.6335776565574310E-006   158.61973500338544     
   1.1137749354090728E-003   4.7057226674061676E-005  -6.1319660699899495E-005   1.4753815752381984E-005  0.26298165413435565     
   1.1708793974636322E-003   1.1383834273036487E-004   7.8082843076976113E-005   6.2201007312285017E-006   144.67502619149229     
   1.2309116678956896E-003   5.9910342038095567E-005  -6.8378910308630099E-005   1.4591201728687994E-005   3.8742274279767499     
   1.2940218586507430E-003   1.3273640819893377E-004   8.5218079184288015E-005   4.8005830904828915E-006   133.11909983636707     
   1.3603677780783068E-003   7.7739300711846180E-005  -7.6136667751467121E-005   1.4645535822640350E-005   8.5906669423148152     
   1.4301153255349970E-003   1.5478735777870481E-004   9.3329018109524582E-005   3.3553793727367918E-006   123.00165348486951     
   1.5034389062193320E-003   9.7194739590920548E-005  -8.4768419223509611E-005   1.4937773741009786E-005   11.902665110859413     
   1.5805218672755657E-003   1.8157448133669763E-004   1.0258695430747764E-004   1.8600904207620872E-006   114.51016777749274     
   1.6615569562570659E-003   1.2342100040697946E-004  -9.4224343745362006E-005   1.5491302854637010E-005   15.974789344205455     
   1.7467468030955748E-003   2.1295181134595360E-004   1.1308814164150924E-004   2.8568082700578998E-007   106.93776378582309     
   1.8363044267815996E-003   1.5247090467147088E-004  -1.0472831499629920E-004   1.6334633457848414E-005   18.786640150859487     
   1.9304537680228399E-003   2.5097812932154220E-004   1.2507730655742920E-004  -1.4025225231147486E-006   100.49756965251717     
   2.0294302492125955E-003   1.9074089948674809E-004  -1.1616222493339066E-004   1.7499789872925106E-005   22.139772136157958     
   2.1334813631083945E-003   2.9562779908701251E-004   1.3869059018279395E-004  -3.2451862568654254E-006   94.652477035719869     
   2.2428672916927758E-003   2.3360097025455315E-004  -1.2880129294711159E-004   1.9027605260015267E-005   24.399717262027163     
   2.3578615567637876E-003   3.4957252442921070E-004   1.5429781494370824E-004  -5.2888326804250208E-006   89.615096133998819     
   2.4787517038819479E-003   2.8899736434384631E-004  -1.4239941387120470E-004   2.0962643644582734E-005   27.058190166647673     
   2.6058400213839102E-003   4.1297425382192516E-004   1.7211579330428701E-004  -7.5900679989830534E-006   84.970210346239710     
   2.7394442962607869E-003   3.5152456666568500E-004  -1.5726071964764892E-004   2.3363651112903157E-005   28.790137165549496     
   2.8798986087911226E-003   4.8928312365245088E-004   1.9273285058572919E-004  -1.0214825231867510E-005   80.915758582100423     
   3.0275541679156293E-003   4.3102686247452668E-004  -1.7289685371031644E-004   2.6295725539338879E-005   30.825512593512613     
   3.1827801894424670E-003   5.7892513693128054E-004   2.1653813557810000E-004  -1.3238355487014685E-005   77.126899442043296     
   3.3459648192790685E-003   5.2120857457946192E-004  -1.8957383941576623E-004   2.9842642409652048E-005   32.088209241178063     
   3.5175161039991141E-003   6.8631281876005510E-004   2.4450867072780890E-004  -1.6751173824759351E-005   73.780674344807409     
   3.6978630111714683E-003   6.3420589692150342E-004  -2.0633638993448059E-004   3.4096813357200974E-005   33.589652036252602     
   3.8874565020025746E-003   8.1220394779195630E-004   2.7740207549740607E-004  -2.0856929362616722E-005   70.620550933768172     
   4.0867706589743525E-003   7.6267270309196230E-004  -2.2323830460571205E-004   3.9178250075701246E-005   34.455567835493511     
   4.2963038712973290E-003   9.6215679731791604E-004   3.1693538801645541E-004  -2.5679880330513787E-005   67.802864642834493     
   4.5165800811433031E-003   9.2145518290059837E-004  -2.3839667147215683E-004   4.5215660687614081E-005   35.518117755634961     
   4.7481500937736308E-003   1.1372866058829256E-003   3.6465502256682582E-004  -3.1362894893977242E-005   65.124530967075358     
   4.9915929548393252E-003   1.1019048329632681E-003  -2.5123421721748594E-004   5.2381577535148759E-005   36.067543758108627     
   5.2475173982967794E-003   1.3444259948975268E-003   4.2372522498786700E-004  -3.8078119619529922E-005   62.723371433302084     
   5.5165633685597100E-003   1.3219549476947629E-003  -2.5803975942426718E-004   6.0852145270265861E-005   36.789351411503482     
   5.7994036206935832E-003   1.5849612294641586E-003   4.9735347344866208E-004  -4.6021591811006300E-005   60.439069059961213     
   6.0967454026536255E-003   1.5712368621885592E-003  -2.5665531635730732E-004   7.0874504987975250E-005   37.109560176811684     
   6.4093322237731599E-003   1.8669751986769524E-003   5.9158256495656786E-004  -5.5433210300417559E-005   58.394642925094104     
   6.7379457139241945E-003   1.8709925898887318E-003  -2.3975471957278011E-004   8.2688501695826150E-005   37.594640371375398     
   7.0834075779992126E-003   2.1918089833918644E-003   7.1312467124064595E-004  -6.6580133621300524E-005   56.466035042945634     
   7.4465816506014745E-003   2.2084251916653463E-003  -2.0151921971736680E-004   9.6644573817802171E-005   37.784558806399097     
   7.8283760560813945E-003   2.5684679094512657E-003   8.7376954900147605E-004  -7.9797815827892528E-005   54.765486768594009     
   8.2297454793205001E-003   2.6079637989135890E-003  -1.2746698532539700E-004   1.1306515279695794E-004   38.149889817980110     
   8.6516935529408878E-003   2.9975013976974172E-003   1.0875309397089085E-003  -9.5451978991188143E-005   53.200702943439957     
   9.0952753669095530E-003   3.0531710562715225E-003  -3.8008724185565328E-006   1.3244819122945679E-004   38.326659013081539     
   9.5616001068128485E-003   3.4879699531478940E-003   1.3776177481186458E-003  -1.1400568773855879E-004   51.876982165319312     
   1.0051833827398250E-002   3.5709471067701922E-003   1.9808901575920271E-004   1.5521779071460650E-004   38.709687851558080     
   1.0567202368318563E-002   4.0381766529389322E-003   1.7729523251850180E-003  -1.3595566984905485E-004   50.730528425504268     
   1.1108994419369571E-002   4.1392231540093530E-003   5.0869988912486991E-004   1.8208862202264502E-004   39.016319335000922     
   1.1678564742885790E-002   4.6555240021790576E-003   2.3192836817963213E-003  -1.6194062914068127E-004   49.863594995564618     
   1.2277337561351921E-002   4.7856975485345878E-003   9.8420005084149244E-004   2.1360434536366721E-004   39.581936883054404     
   1.2906810118700974E-002   5.3336245245389239E-003   3.0752945065329793E-003  -1.9262595934627528E-004   49.238132349116547     
   1.3568556424203930E-002   5.4796640429067862E-003   1.6888981825532567E-003   2.5079119138665890E-004   40.193189425938556     
   1.4264231188312809E-002   6.0753378166049365E-003   4.1304218405514839E-003  -2.2889109052580078E-004   48.955522567556564     
   1.4995573960298693E-002   6.2466801332720159E-003   2.7317188761380828E-003   2.9432474658399216E-004   41.138157320537871     
   1.5764413478030960E-002   6.8659167341467743E-003   5.6011119839052366E-003  -2.7160618479132257E-004   48.999817646782837     
   1.6572672240774574E-002   7.0432589288946662E-003   4.2428955108471779E-003   3.4569998430001323E-004   42.260919342209355     
   1.7422371316439582E-002   7.6995847982185804E-003   7.6592645030960716E-003  -3.2196108610849349E-004   49.471381108158418     
   1.8315635395303648E-002   7.8885841137870966E-003   6.4296342510241937E-003   4.0572251664550667E-004   43.809575049690935     
   1.9254698102844373E-002   8.5485660307914185E-003   1.0529605495976075E-002  -3.8105546342377254E-004   50.370376035025203     
   2.0241907584966551E-002   8.7215912183100774E-003   9.5454243205647642E-003   4.7660324840739500E-004   45.672205108581323     
   2.1279732379589938E-002   9.3936875208000883E-003   1.4534170177554257E-002  -4.5046691016585767E-004   51.791602763867736     
   2.2370767589279892E-002   9.5503964184768496E-003   1.3973801719532181E-002   5.5924434257466371E-004   48.058232763128338     
   2.3517741370355512E-002   1.0189731684009445E-002   2.0091513384587961E-002  -5.3149376456853594E-004   53.740712419949247     
   2.4723521754701414E-002   1.0292631439215407E-002   2.0187040498066810E-002   6.5700407758921239E-004   50.882251119030720     
   2.5991123821341430E-002   1.0900749360922357E-002   2.7783467578665913E-002  -6.2612744482075584E-004   56.295907618368418     
   2.7323717235706597E-002   1.0942515509073042E-002   2.8868396798014902E-002   7.7085068228233318E-004   54.307731137420383     
   2.8724634175449733E-002   1.1463035715748152E-002   3.8354800592584753E-002  -7.3564036134134961E-004   59.451135451182559     
   3.0197377662625272E-002   1.1397561700765578E-002   4.0852384220878640E-002   9.0610146085541880E-004   58.251957863803526     
   3.1745630323068923E-002   1.1826132369971713E-002   5.2806054234540663E-002  -8.6227273088074641E-004   63.248883525889937     
   3.3373263594880617E-002   1.1641976936719829E-002   5.7293722653725038E-002   1.0638367600666423E-003   62.815788833818132     
   3.5084347409036189E-002   1.1915807908837317E-002   7.2384290019811726E-002  -1.0065806592983433E-003   67.646011549911250     
   3.6883160366334787E-002   1.1565711522530124E-002   7.9569962236032576E-002   1.2529483270252496E-003   67.888613553660079     
   3.8774200436129516E-002   1.1681776393712814E-002   9.8695652809382098E-002  -1.1702904783038391E-003   72.621989596598226     
   4.0762196203593573E-002   1.1160579303390072E-002  0.10949333344395128        1.4751429298739240E-003   73.483651893573750     
   4.2852118693646413E-002   1.1063809709428276E-002  0.13365819531267595       -1.3512777705474560E-003   78.064905354507559     
   4.5049193801105177E-002   1.0340474825008307E-002  0.14913117549552912        1.7464172343118634E-003   79.427096252035938     
   4.7358915358143815E-002   1.0045912690388768E-002  0.17960391772601403       -1.5482554921229989E-003   83.860669627905935     
   4.9787058871735207E-002   9.1422847763290710E-003  0.20102956752668527        2.0712185726202044E-003   85.617394484114385     
   5.2339695965426716E-002   8.6279587972371025E-003  0.23912637327045777       -1.7512884800071099E-003   89.798685255012700     
   5.5023209561561898E-002   7.5574373653245416E-003  0.26786318893972449        2.4805512400580482E-003   91.787722637999451     
   5.7844309841910892E-002   6.8819190181093736E-003  0.31509920779393580       -1.9491959758903160E-003   95.648939480590229     
   6.0810051026620092E-002   5.7215002155985174E-003  0.35259600180555406        2.9881874334865954E-003   97.707422402270794     
   6.3927849013436913E-002   4.9273431281857665E-003  0.41029883544424972       -2.1115697833586802E-003   101.09032645432762     
   6.7205499921316733E-002   3.7652536157276087E-003  0.45781749610022304        3.6580284856683591E-003   103.01101387542289     
   7.0651199584781429E-002   2.9768883405607714E-003  0.52722225101792619       -2.1998567299594601E-003   105.78406796317867     
   7.4273564047774465E-002   1.9645336088424440E-003  0.58572921541357237        4.5311518911077845E-003   107.35961962453852     
   7.8081651108258682E-002   1.3061387229718895E-003  0.66733991761417988       -2.1334286379520013E-003   109.33011571863668     
   8.2084982967429360E-002   6.1355018131414234E-004  0.73701439608003250        5.7437481745345022E-003   110.33301410359749     
   8.6293570040176709E-002   2.6522184245762639E-004  0.83061012197985751       -1.8057231011751982E-003   111.34334325156054     
   9.0717935986337761E-002   9.4285437534064409E-005  0.91059366083244164        7.4075334409050122E-003   111.56541687497570     
   9.5369144025327257E-002   2.2719325936552994E-004   1.0143144903045729       -1.0213987506105977E-003   111.44117547538310     
  0.10025882459994871        7.7231374153574942E-004   1.1020345775463356        9.8125107332469545E-003   110.69525367142407     
  0.10539920445855964        1.5399946118768118E-003   1.2123878284915315        4.8013943898282902E-004   109.32423129964174     
  0.11080313722831070        2.9472872871653399E-003   1.3032976762284554        1.3233419733795063E-002   107.47909906387589     
  0.11648413555590921        4.4479123257445009E-003   1.4141659767129431        3.1363182004975707E-003   104.78838606597250     
  0.12245640489627406        6.7880225878461879E-003   1.5011713260652000        1.8268448780801472E-002   101.78415357096596     
  0.12873487903357234        8.9835277140319844E-003   1.6042054982122682        7.5229455011671682E-003   97.798835053611967     
  0.13533525742345850        1.2163582264874221E-002   1.6778632670949392        2.5525050464204734E-002   93.670770648660195     
  0.14227404444989064        1.4901786130673432E-002   1.7619895517344448        1.4538578095095173E-002   88.504767638270636     
  0.14956859069468770        1.8683992466325006E-002   1.8107209570732050        3.6161897464155629E-002   83.397355881870908     
  0.15723713632302108        2.1576531283739878E-002   1.8636699696422421        2.5326445344442342E-002   77.280826711246007     
  0.16529885669332869        2.5491250950776187E-002   1.8752234175047362        5.1370799456698646E-002   71.447162222970476     
  0.17377391030569905        2.8057754908207885E-002   1.8843815843408189        4.1548967687777993E-002   64.710711338668048     
  0.18268348920862110        3.1529957811079090E-002   1.8476270861404829        7.3194323450034876E-002   58.505404757713492     
  0.19204987199014462        3.3102356489245637E-002   1.8033589317652667        6.5203716979782625E-002   51.563637972849058     
  0.20189647948595435        3.5438765624939056E-002   1.7114764110509109       0.10365466132283147        45.405532729368836     
  0.21224793334365866        3.5478495525064380E-002   1.6095481969355927        9.8978635516597871E-002   38.719627309828105     
  0.22313011758973345        3.6135368669623170E-002   1.4632195166963482       0.14590071910165711        33.054421606540053     
  0.23457024335307022        3.4200355260710698E-002   1.3091517360850089       0.14581927287843721        27.073240426525722     
  0.24659691690697286        3.2854618693035610E-002   1.1201480665240662       0.20273955377505398        22.306127685552376     
  0.25924021119974061        2.9018405622567519E-002  0.93136998015374373       0.20930976027525375        17.416768076836160     
  0.27253174105270328        2.5870260138801154E-002  0.72457485269218613       0.27813378078295431        13.863239355400955     
  0.28650474221374228        2.0650028161142080E-002  0.53242638017230681       0.29276436982340376        10.319868396049410     
  0.30119415446397091        1.6423681980033997E-002  0.34590919724056940       0.37481090558169572        8.1437864980482217     
  0.31663670898538815        1.1034694262443799E-002  0.19332335797290146       0.39957353647207994        6.0425428298885198     
  0.33287102020796505        7.0358989741605643E-003   7.4664554368674002E-002  0.49615625470497954        5.2364362698331171     
  0.34993768236583300        3.0607926220714266E-003   1.1174285835499816E-002  0.53161565298710145        4.4793041532131399     
  0.36787937100401435        8.7331846614021387E-004   9.9715465858476616E-003  0.64266512928794728        4.8526358053892356     
  0.38674094968951223        5.8995930308670865E-005   8.1948504801754432E-002  0.68969755517789166        5.1835738129930409     
  0.40656958219359818        1.1567800980748688E-003  0.23877573173311997       0.81452453715674089        6.4045800291328829     
  0.42741485042580590        4.8097337628325880E-003  0.47753843830050235       0.87138465698229728        7.4355729306748062     
  0.44932887841453123        1.0017444687918826E-002  0.81149156568816883        1.0070802408086650        9.0831895877377438     
  0.47236646264425380        1.8475064177585262E-002   1.2215681082981398        1.0721088903199831        10.387882685757521     
  0.49658520907528836        2.7462552988998985E-002   1.7200246442845579        1.2147686816626309        12.038267110687771     
  0.52204567718869588        3.9776456588949030E-002   2.2708976938964507        1.2828635940837607        13.210503134567841     
  0.54881153141652461        5.0920033192074741E-002   2.8847912594965748        1.4260921388088812        14.506085003035393     
  0.57694970033605397        6.4683195312350381E-002   3.5111655914415683        1.4927164399886912        15.249920152205686     
  0.60653054402610240        7.5185352078034173E-002   4.1595561061001636        1.6295791050739346        15.963201120585724     
  0.63762803000386636        8.7238452962630664E-002   4.7696265035558127        1.6869193980094037        16.115971778514972     
  0.67031991818224934        9.3951049843509077E-002   5.3535221709638314        1.8090408459135003        16.169468972367973     
  0.70468795531014050       0.10095298977957207        5.8486528101179891        1.8517527139037639        15.728271967495406     
  0.74081807938186928       0.10125649599544434        6.2730977790878049        1.9522029329278001        15.189040574889676     
  0.77880063452695869       0.10117768723582718        6.5697472893914775        1.9733959782050010        14.267625980864441     
  0.81873059691749817        9.4154808566374856E-002   6.7668443494715875        2.0463036076249708        13.302448445333509     
  0.86070781225805559        8.6726748217895097E-002   6.8191983269648171        2.0443054504062337        12.094435152213459     
  0.90483724545193578        7.3633425004391573E-002   6.7651439225603509        2.0874867541032938        10.914257918211632     
  0.95122924306811707        6.1138493957538266E-002   6.5741154925434815        2.0605260506144849        9.6207195168780064     
  0.99999980926515564        4.5455192148282822E-002   6.2932595680600878        2.0743701144466136        8.4223870782363708     
   1.0512708958619938        3.1885955133228339E-002   5.9057797879445069        2.0269025606876410        7.2148021583647113     
   1.1051707072810442        1.8470460758261444E-002   5.4615725500999588        2.0155256802060091        6.1440551434842519     
   1.1618340211260101        8.9291304231761057E-003   4.9537531349294719        1.9512550799152042        5.1282051158566739     
   1.2214025251961040        2.8949647980401074E-003   4.4301882278160658        1.9206234672868592        4.2644419479418181     
   1.2840251717793534        2.1005502094229786E-003   3.8890420926901084        1.8483729528246176        3.4858218014443128     
   1.3498585501108922        7.6301605655402513E-003   3.3700007324494732        1.8065088755114780        2.8490882519900773     
   1.4190672779276288        1.9043353952958225E-002   2.8720746855052912        1.7328338272183310        2.2995244550668072     
   1.4918244130983194        3.8569971487155463E-002   2.4248986592644020        1.6884107042660854        1.8683819959924275     
   1.5683118863583871        6.3925708016949467E-002   2.0257641615482909        1.6238883492741032        1.5121615083629703     
   1.6487209562315333        9.8028849657773906E-002   1.6927691201144934        1.5865544640232516        1.2444012847794621     
   1.7332526872756489       0.13723493445900226        1.4210558036278134        1.5392891207763146        1.0326714926818381     
   1.8221184528489625       0.18501209825222797        1.2199805045933714        1.5197871908051941       0.88221811364124370     
   1.9155404636535147       0.23732725604252983        1.0836803183588728        1.5030208605305564       0.77066363384490566     
   2.0137523233776657       0.29746497479113093        1.0149817048202403        1.5153222147538503       0.69814425069347097     
   2.1169996128270059       0.36195137131485389        1.0091411300761777        1.5443508935879253       0.65116154747279942     
   2.2255405040042664       0.43400801228550479        1.0668047478067018        1.6100370182737300       0.62857384423770024     
   2.3396464056738120       0.51204774091763727        1.1870118121848217        1.7145331911778234       0.62398570998889591     
   2.4596026420249339       0.59869671313452255        1.3711927482240478        1.8723287166767990       0.63541267955905278     
   2.5857091661309148       0.69836727461639536        1.6312876429313676        2.1118772190274844       0.66453746207312403     
   2.7182813099879839       0.81554310938140906        1.9787105883707816        2.4607009781782154       0.71134143854902887     
   2.8576505730095247       0.95529292021752621        2.4290946068297368        2.9564923764067794       0.77659772163874852     
   3.0041654509472928        1.1251674927455011        3.0065172173001176        3.6548060616293507       0.86273957982320770     
   3.1581923073123357        8.6365726884836267        25.909715088007903        43.182857479265436        0.0000000000000000     
   3.3201162894745604       0.15231750633914579       0.45695252693051136       0.76158754710431054        0.0000000000000000     
   3.4903422917318205       0.21025657107465703       0.63076971322397868        1.0512828553732907        0.0000000000000000     
   3.6692959677565180       0.32990835162824267       0.98972505488473195        1.6495417581412124        0.0000000000000000     
   3.8574247949515148       0.60174712165837341        1.8052413649751131        3.0087356082918877        0.0000000000000000     
   4.0551991933767413        1.2653763345359288        3.7961290036077942        6.3268816726796544        0.0000000000000000     
   4.2631137020443308        1.1900684852019405E-006   3.5702054556058265E-006   5.9503424260097307E-006   0.0000000000000000     
   4.4816882155237971        0.0000000000000000        0.0000000000000000        0.0000000000000000        0.0000000000000000     
   4.7114692839492127        0.0000000000000000        0.0000000000000000        0.0000000000000000        0.0000000000000000     
   4.9530314796792441        0.0000000000000000        0.0000000000000000        0.0000000000000000        0.0000000000000000     
   5.2069788340273639        0.0000000000000000        0.0000000000000000        0.0000000000000000        0.0000000000000000     
   5.4739463476546923        0.0000000000000000        0.0000000000000000        0.0000000000000000        0.0000000000000000     
   5.7546015784024842        0.0000000000000000        0.0000000000000000        0.0000000000000000        0.0000000000000000     
   6.0496463105343823        0.0000000000000000        0.0000000000000000        0.0000000000000000        0.0000000000000000     
   6.3598183095626428        0.0000000000000000        0.0000000000000000        0.0000000000000000        0.0000000000000000     
   6.6858931670462356        0.0000000000000000        0.0000000000000000        0.0000000000000000        0.0000000000000000     
   7.0286862399736565        0.0000000000000000        0.0000000000000000        0.0000000000000000        0.0000000000000000     
   7.3890546895801847        0.0000000000000000        0.0000000000000000        0.0000000000000000        0.0000000000000000     
   7.7678996246973684        0.0000000000000000        0.0000000000000000        0.0000000000000000        0.0000000000000000     
   8.1661683549945003        0.0000000000000000        0.0000000000000000        0.0000000000000000        0.0000000000000000     
   8.5848567597462662        0.0000000000000000        0.0000000000000000        0.0000000000000000        0.0000000000000000     
   9.0250117780495689        0.0000000000000000        0.0000000000000000        0.0000000000000000        0.0000000000000000     
   9.4877340267167067        0.0000000000000000        0.0000000000000000        0.0000000000000000        0.0000000000000000     
   9.9741805523905889        0.0000000000000000        0.0000000000000000        0.0000000000000000        0.0000000000000000     
   10.485567724764062        0.0000000000000000        0.0000000000000000        0.0000000000000000        0.0000000000000000     
   11.023174278137773        0.0000000000000000        0.0000000000000000        0.0000000000000000        0.0000000000000000     
   11.588344508921873        0.0000000000000000        0.0000000000000000        0.0000000000000000        0.0000000000000000     
   12.182491637077383        0.0000000000000000        0.0000000000000000        0.0000000000000000        0.0000000000000000     
   12.807101339902093        0.0000000000000000        0.0000000000000000        0.0000000000000000        0.0000000000000000     
   13.463735466997706        0.0000000000000000        0.0000000000000000        0.0000000000000000        0.0000000000000000     
   14.154035945707449        0.0000000000000000        0.0000000000000000        0.0000000000000000        0.0000000000000000     
   14.879728886789509        0.0000000000000000        0.0000000000000000        0.0000000000000000        0.0000000000000000     
   15.642628900593213        0.0000000000000000        0.0000000000000000        0.0000000000000000        0.0000000000000000     
   16.444643634529918        0.0000000000000000        0.0000000000000000        0.0000000000000000        0.0000000000000000     
   17.287778543185254        0.0000000000000000        0.0000000000000000        0.0000000000000000        0.0000000000000000     
   18.174141903000280        0.0000000000000000        0.0000000000000000        0.0000000000000000        0.0000000000000000     
   19.105950084060524        0.0000000000000000        0.0000000000000000        0.0000000000000000        0.0000000000000000     
   20.085533092175908        0.0000000000000000        0.0000000000000000        0.0000000000000000        0.0000000000000000     
   21.115340395108696        0.0000000000000000        0.0000000000000000        0.0000000000000000        0.0000000000000000     
   22.197947047518841        0.0000000000000000        0.0000000000000000        0.0000000000000000        0.0000000000000000     
   23.336060129942076        0.0000000000000000        0.0000000000000000        0.0000000000000000        0.0000000000000000     
   24.532525517901004        0.0000000000000000        0.0000000000000000        0.0000000000000000        0.0000000000000000     
   25.790334998076592        0.0000000000000000        0.0000000000000000        0.0000000000000000        0.0000000000000000     
   27.112633749332943        0.0000000000000000        0.0000000000000000        0.0000000000000000        0.0000000000000000     
   28.502728207302802        0.0000000000000000        0.0000000000000000        0.0000000000000000        0.0000000000000000     
   29.964094332199064        0.0000000000000000        0.0000000000000000        0.0000000000000000        0.0000000000000000     
   31.500386300525484        0.0000000000000000        0.0000000000000000        0.0000000000000000        0.0000000000000000     
   33.115445642421740        0.0000000000000000        0.0000000000000000        0.0000000000000000        0.0000000000000000     
   34.813310847489355        0.0000000000000000        0.0000000000000000        0.0000000000000000        0.0000000000000000     
   36.598227463119422        0.0000000000000000        0.0000000000000000        0.0000000000000000        0.0000000000000000     
   38.474658710572697        0.0000000000000000        0.0000000000000000        0.0000000000000000        0.0000000000000000     
   40.447296645357056        0.0000000000000000        0.0000000000000000        0.0000000000000000        0.0000000000000000     
