# # Cu                                                           FEFF 9.1    
# # POT  SCF  30  4.0000   0, screened core-hole, AFOLP (folp(0)= 1.150)
# # Abs   Z=29 Rmt= 1.362 Rnm= 1.399 K  shell
# # Pot 1 Z=29 Rmt= 1.362 Rnm= 1.399
# # Gam_ch=1.729E+00 H-L exch
# # Mu=-7.737E+00 kf=1.992E+00 Vint=-1.662E+01 Rs_int= 1.821
# FMS rfms= 4.0000
# # PATH  Rmax=-1.000,  Keep_limit= 0.00, Heap_limit 0.00  Pwcrit= 2.50%
#  S02=1.000                                        Global_sig2= 0.00000
#  Curved wave amplitude ratio filter   4.000%
#     file         sig2 tot  cw amp ratio   deg  nlegs   reff  inp sig2
#     0/   0 paths used
#  xsedge+ 50, used to normalize mu           2.4171E-04
#  -----------------------------------------------------------------------
#  omega    e    k    mu    mu0     chi     @#
    8979.411    -16.773  -1.540 -6.46443E+00 -6.53671E+00  7.22865E-02
    8980.979    -15.204  -1.400 -6.61708E+00 -6.70378E+00  8.66977E-02
    8982.398    -13.786  -1.260 -6.78036E+00 -6.88506E+00  1.04703E-01
    8983.667    -12.516  -1.120 -6.95561E+00 -7.08283E+00  1.27222E-01
    8984.787    -11.396  -0.980 -7.14426E+00 -7.29958E+00  1.55314E-01
    8985.758    -10.425  -0.840 -7.34734E+00 -7.53735E+00  1.90008E-01
    8986.580     -9.604  -0.700 -7.56367E+00 -7.79536E+00  2.31691E-01
    8987.252     -8.932  -0.560 -7.78418E+00 -8.06247E+00  2.78290E-01
    8987.774     -8.409  -0.420 -7.98015E+00 -8.30180E+00  3.21651E-01
    8988.014     -8.169  -0.337 -8.06551E+00 -8.40574E+00  3.40223E-01
    8988.447     -7.737   0.000 -8.16249E+00 -8.52053E+00  3.58048E-01
    8988.879     -7.305   0.337 -8.14244E+00 -8.48698E+00  3.44541E-01
    8989.311     -6.872   0.476 -8.05594E+00 -8.36538E+00  3.09438E-01
    8989.743     -6.440   0.583 -7.96197E+00 -8.23002E+00  2.68047E-01
    8990.176     -6.008   0.674 -7.88126E+00 -8.10463E+00  2.23364E-01
    8990.608     -5.575   0.753 -7.81760E+00 -7.99187E+00  1.74277E-01
    8990.705     -5.478   0.770 -7.80554E+00 -7.96802E+00  1.62481E-01
    8991.135     -5.049   0.840 -7.76160E+00 -7.86871E+00  1.07112E-01
    8991.602     -4.582   0.910 -7.72862E+00 -7.76965E+00  4.10304E-02
    8992.106     -4.078   0.980 -7.70640E+00 -7.67069E+00 -3.57040E-02
    8992.647     -3.536   1.050 -7.69305E+00 -7.57157E+00 -1.21479E-01
    8993.226     -2.958   1.120 -7.68506E+00 -7.47208E+00 -2.12984E-01
    8993.842     -2.342   1.190 -7.67752E+00 -7.37211E+00 -3.05408E-01
    8994.495     -1.688   1.260 -7.66459E+00 -7.27167E+00 -3.92920E-01
    8995.186     -0.997   1.330 -7.64061E+00 -7.17087E+00 -4.69739E-01
    8995.914     -0.269   1.400 -7.60163E+00 -7.06995E+00 -5.31678E-01
    8996.680      0.496   1.470 -7.54711E+00 -6.96923E+00 -5.77881E-01
    8997.482      1.299   1.540 -7.48079E+00 -6.86911E+00 -6.11674E-01
    8998.322      2.139   1.610 -7.40905E+00 -6.77003E+00 -6.39020E-01
    8999.200      3.016   1.680 -7.33730E+00 -6.67245E+00 -6.64849E-01
    9000.115      3.931   1.750 -7.26472E+00 -6.57682E+00 -6.87897E-01
    9001.067      4.883   1.820 -7.18023E+00 -6.48359E+00 -6.96644E-01
    9002.056      5.873   1.890 -7.06155E+00 -6.39318E+00 -6.68368E-01
    9003.083      6.900   1.960 -6.87946E+00 -6.30593E+00 -5.73525E-01
    9004.147      7.964   2.030 -6.61193E+00 -6.22210E+00 -3.89822E-01
    9005.249      9.065   2.100 -6.26658E+00 -6.14185E+00 -1.24734E-01
    9006.387     10.204   2.170 -5.89540E+00 -6.06586E+00  1.70459E-01
    9007.564     11.380   2.240 -5.58177E+00 -5.99624E+00  4.14472E-01
    9008.777     12.594   2.310 -5.40658E+00 -5.93466E+00  5.28080E-01
    9010.028     13.844   2.380 -5.36421E+00 -5.87928E+00  5.15077E-01
    9011.316     15.132   2.450 -5.40017E+00 -5.82683E+00  4.26660E-01
    9012.641     16.458   2.520 -5.45393E+00 -5.77506E+00  3.21128E-01
    9014.004     17.821   2.590 -5.51208E+00 -5.72374E+00  2.11669E-01
    9015.404     19.221   2.660 -5.56565E+00 -5.67359E+00  1.07944E-01
    9016.842     20.658   2.730 -5.60759E+00 -5.62467E+00  1.70834E-02
    9018.317     22.133   2.800 -5.62987E+00 -5.57778E+00 -5.20952E-02
    9019.829     23.646   2.870 -5.63170E+00 -5.53288E+00 -9.88280E-02
    9021.379     25.195   2.940 -5.61062E+00 -5.48875E+00 -1.21864E-01
    9022.965     26.782   3.010 -5.56612E+00 -5.44506E+00 -1.21055E-01
    9024.590     28.406   3.080 -5.50181E+00 -5.40232E+00 -9.94941E-02
    9026.251     30.068   3.150 -5.42644E+00 -5.36052E+00 -6.59178E-02
    9027.950     31.767   3.220 -5.34377E+00 -5.31898E+00 -2.47864E-02
    9029.686     33.503   3.290 -5.25341E+00 -5.27756E+00  2.41452E-02
    9031.460     35.276   3.360 -5.15636E+00 -5.23652E+00  8.01628E-02
    9033.271     37.087   3.430 -5.05581E+00 -5.19618E+00  1.40377E-01
    9035.119     38.935   3.500 -4.96104E+00 -5.15675E+00  1.95704E-01
    9037.004     40.821   3.570 -4.88244E+00 -5.11803E+00  2.35588E-01
    9038.927     42.744   3.640 -4.83077E+00 -5.07962E+00  2.48855E-01
    9040.888     44.704   3.710 -4.80978E+00 -5.04121E+00  2.31434E-01
    9042.885     46.702   3.780 -4.81972E+00 -5.00280E+00  1.83074E-01
    9044.920     48.737   3.850 -4.85741E+00 -4.96442E+00  1.07010E-01
    9046.992     50.809   3.920 -4.91529E+00 -4.92627E+00  1.09780E-02
    9049.102     52.918   3.990 -4.98367E+00 -4.88839E+00 -9.52780E-02
    9051.249     55.065   4.060 -5.04909E+00 -4.85067E+00 -1.98426E-01
    9053.433     57.250   4.130 -5.09445E+00 -4.81285E+00 -2.81598E-01
    9055.655     59.471   4.200 -5.10546E+00 -4.77480E+00 -3.30654E-01
    9057.914     61.730   4.270 -5.07488E+00 -4.73666E+00 -3.38220E-01
    9060.210     64.026   4.340 -5.00958E+00 -4.69853E+00 -3.11048E-01
    9062.544     66.360   4.410 -4.92757E+00 -4.66040E+00 -2.67170E-01
    9064.914     68.731   4.480 -4.84415E+00 -4.62229E+00 -2.21863E-01
    9067.323     71.139   4.550 -4.76279E+00 -4.58425E+00 -1.78545E-01
    9069.768     73.585   4.620 -4.68075E+00 -4.54627E+00 -1.34482E-01
    9072.251     76.068   4.690 -4.60144E+00 -4.50843E+00 -9.30037E-02
    9074.772     78.588   4.760 -4.53186E+00 -4.47089E+00 -6.09612E-02
    9077.329     81.146   4.830 -4.46667E+00 -4.43375E+00 -3.29257E-02
    9079.924     83.741   4.900 -4.38077E+00 -4.39700E+00  1.62228E-02
    9082.557     86.373   4.970 -4.24552E+00 -4.36054E+00  1.15016E-01
    9085.226     89.043   5.040 -4.05724E+00 -4.32436E+00  2.67118E-01
    9087.933     91.750   5.110 -3.85125E+00 -4.28844E+00  4.37182E-01
    9090.678     94.494   5.180 -3.68623E+00 -4.25287E+00  5.66632E-01
    9093.459     97.276   5.250 -3.61040E+00 -4.21788E+00  6.07483E-01
    9096.278    100.095   5.320 -3.63518E+00 -4.18363E+00  5.48450E-01
    9099.135    102.951   5.390 -3.73942E+00 -4.15004E+00  4.10614E-01
    9102.028    105.845   5.460 -3.88754E+00 -4.11720E+00  2.29665E-01
    9104.959    108.776   5.530 -4.04754E+00 -4.08501E+00  3.74703E-02
    9107.928    111.744   5.600 -4.20015E+00 -4.05322E+00 -1.46932E-01
    9110.933    114.750   5.670 -4.34128E+00 -4.02193E+00 -3.19349E-01
    9113.976    117.793   5.740 -4.46816E+00 -3.99113E+00 -4.77030E-01
    9117.057    120.873   5.810 -4.56753E+00 -3.96081E+00 -6.06728E-01
    9120.174    123.991   5.880 -4.61868E+00 -3.93106E+00 -6.87623E-01
    9123.330    127.146   5.950 -4.60508E+00 -3.90198E+00 -7.03099E-01
    9126.522    130.338   6.020 -4.51901E+00 -3.87342E+00 -6.45583E-01
    9129.752    133.568   6.090 -4.35705E+00 -3.84528E+00 -5.11772E-01
    9133.019    136.835   6.160 -4.11367E+00 -3.81760E+00 -2.96073E-01
    9136.323    140.140   6.230 -3.79359E+00 -3.79024E+00 -3.34713E-03
    9139.665    143.481   6.300 -3.44112E+00 -3.76316E+00  3.22043E-01
    9143.044    146.860   6.370 -3.15345E+00 -3.73636E+00  5.82917E-01
    9146.460    150.277   6.440 -3.00446E+00 -3.70984E+00  7.05388E-01
    9149.914    153.731   6.510 -2.98064E+00 -3.68362E+00  7.02981E-01
    9153.405    157.222   6.580 -3.02550E+00 -3.65750E+00  6.31998E-01
