# # Cu                                                           FEFF 10.0   
# # POT  SCF 100  4.0000   0, core-hole, AFOLP (folp(0)= 1.150)
# # Abs   Z=29 Rmt= 1.437 Rnm= 1.489 K  shell
# # Pot 1 Z=29 Rmt= 1.344 Rnm= 1.381
# # Gam_ch=1.729E+00 H-L exch Vi= 0.000E+00 Vr= 0.000E+00
# # Mu=-7.990E+00eV kf=1.994E+00 Vint=-1.742E+01eV Rs_int= 1.819
# # PATH  Rmax= 8.000,  Keep_limit= 0.00, Heap_limit 0.00  Pwcrit= 2.50%
#  S02=1.000  Temp= 450.00  Debye_temp= 315.00  Global_sig2= 0.00000
#  Energy zero shift, vr, vi    0.00000E+00   0.00000E+00
#  Curved wave amplitude ratio filter   4.000%
#     file         sig2 tot  cw amp ratio   deg  nlegs   reff  inp sig2
#           1       0.01186    100.00     12.00     2   2.5323
#           2       0.01638     22.99      6.00     2   3.5812
#           3       0.01119     10.61     48.00     3   3.7984
#           4       0.01433      7.52     48.00     3   4.3229
#           5       0.01536     55.07     24.00     2   4.3860
#           6       0.01453     11.25     48.00     3   4.7253
#           7       0.01447     17.45     96.00     3   4.7253
#           8       0.01475     18.67     12.00     2   5.0645
#           9       0.01531      8.74     12.00     3   5.0646
#          10       0.01475     39.86     24.00     3   5.0645
#          11       0.01531      9.74     12.00     4   5.0646
#          12       0.02372      4.05     12.00     4   5.0646
#          14       0.01475     31.90     12.00     4   5.0645
#          16       0.01555     27.24     24.00     2   5.6623
#          17       0.01645      8.94     48.00     3   5.8879
#          18       0.01554      5.83     48.00     3   5.8879
#          19       0.01562      6.34     48.00     3   5.8879
#          20       0.01456      4.31     96.00     3   5.9914
#          21       0.01476      4.97     96.00     3   5.9914
#          22       0.01476      4.66     96.00     4   5.9914
#          23       0.01456      4.81     96.00     4   5.9914
#          25       0.01504      6.95      8.00     2   6.2028
#          26       0.01511      5.01     96.00     3   6.2903
#          27       0.01590      4.11     48.00     3   6.5605
#          29       0.01510     33.09     48.00     2   6.6998
#          30       0.01613     16.57     96.00     3   6.8090
#          31       0.01503      9.61     96.00     3   6.8090
#          32       0.01509      9.06     96.00     3   6.8090
#          34       0.02772      4.86     96.00     4   6.9183
#          35       0.01533      4.78     96.00     3   7.1483
#          41       0.01550      5.49     12.00     3   7.1623
#          43       0.01567      4.01     24.00     3   7.5968
#          44       0.01567      7.83     24.00     6   7.5968
#          47       0.01567      4.10     24.00     4   7.5968
#          48       0.01567      4.48     24.00     5   7.5968
#          49       0.01567      5.15     24.00     5   7.5968
#          50       0.01567      5.50     24.00     5   7.5968
#          51       0.01674      4.02     48.00     3   7.7820
#          52       0.01550      5.42     96.00     3   7.8957
#    39/  49 paths used
#  -----------------------------------------------------------------------
#       k          chi          mag           phase @#
     0.0000   -1.159383E-01  2.702278E-01 -2.698164E+00
     0.0500   -1.194138E-01  2.726708E-01 -2.688285E+00
     0.1000   -1.229126E-01  2.750836E-01 -2.678386E+00
     0.1500   -1.334466E-01  2.819679E-01 -2.648595E+00
     0.2000   -1.441243E-01  2.885878E-01 -2.618672E+00
     0.2500   -1.619133E-01  2.988495E-01 -2.569029E+00
     0.3000   -1.798044E-01  3.084071E-01 -2.519164E+00
     0.3500   -2.042320E-01  3.201438E-01 -2.449775E+00
     0.4000   -2.280654E-01  3.305869E-01 -2.380269E+00
     0.4500   -2.565240E-01  3.415875E-01 -2.292054E+00
     0.5000   -2.826381E-01  3.506256E-01 -2.204067E+00
     0.5500   -3.097662E-01  3.585807E-01 -2.098695E+00
     0.6000   -3.317746E-01  3.639086E-01 -1.994196E+00
     0.6500   -3.499194E-01  3.666647E-01 -1.874181E+00
     0.7000   -3.599686E-01  3.662427E-01 -1.756162E+00
     0.7500   -3.615391E-01  3.620764E-01 -1.625285E+00
     0.8000   -3.535340E-01  3.544616E-01 -1.498436E+00
     0.8500   -3.350555E-01  3.424544E-01 -1.362548E+00
     0.9000   -3.089612E-01  3.272981E-01 -1.234475E+00
     0.9500   -2.752397E-01  3.080834E-01 -1.104842E+00
     1.0000   -2.400308E-01  2.870326E-01 -9.904070E-01
     1.0500   -2.043612E-01  2.638219E-01 -8.861106E-01
     1.1000   -1.751155E-01  2.420012E-01 -8.090247E-01
     1.1500   -1.529260E-01  2.226575E-01 -7.571072E-01
     1.2000   -1.413185E-01  2.103983E-01 -7.364622E-01
     1.2500   -1.378677E-01  2.069438E-01 -7.291129E-01
     1.3000   -1.400463E-01  2.140648E-01 -7.131560E-01
     1.3500   -1.412920E-01  2.299756E-01 -6.615976E-01
     1.4000   -1.350672E-01  2.513292E-01 -5.673647E-01
     1.4500   -1.138240E-01  2.748601E-01 -4.269715E-01
     1.5000   -7.430456E-02  2.966364E-01 -2.531867E-01
     1.5500   -1.441856E-02  3.148146E-01 -4.581618E-02
     1.6000    5.870789E-02  3.262810E-01  1.809157E-01
     1.6500    1.387052E-01  3.312636E-01  4.320303E-01
     1.7000    2.083398E-01  3.259657E-01  6.933878E-01
     1.7500    2.588085E-01  3.133166E-01  9.720250E-01
     1.8000    2.765759E-01  2.903971E-01  1.261033E+00
     1.8500    2.598616E-01  2.598677E-01  1.563920E+00
     1.9000    2.122613E-01  2.222726E-01  1.872068E+00
     1.9500    1.448628E-01  1.786839E-01  2.196210E+00
     2.0000    7.631972E-02  1.319233E-01  2.524685E+00
     2.0500    2.015835E-02  8.160604E-02  2.891989E+00
     2.1000   -5.934157E-03  3.258854E-02  3.324708E+00
     2.1500    6.952356E-04  1.427782E-02  6.331898E+00
     2.2000    3.221547E-02  5.393395E-02  6.923332E+00
     2.2500    8.109145E-02  9.271692E-02  7.347823E+00
     2.3000    1.198234E-01  1.206489E-01  7.736935E+00
     2.3500    1.327152E-01  1.371815E-01  8.109857E+00
     2.4000    1.168020E-01  1.428704E-01  8.467656E+00
     2.4500    8.625306E-02  1.434410E-01  8.779633E+00
     2.5000    4.532588E-02  1.379962E-01  9.090108E+00
     2.5500    3.634594E-03  1.273401E-01  9.396232E+00
     2.6000   -3.000164E-02  1.125832E-01  9.694521E+00
     2.6500   -5.439944E-02  1.044581E-01  9.972539E+00
     2.7000   -6.964376E-02  9.514863E-02  1.024595E+01
     2.7500   -7.545899E-02  8.510293E-02  1.051489E+01
     2.8000   -7.298215E-02  7.470611E-02  1.078033E+01
     2.8500   -6.702893E-02  6.717571E-02  1.106169E+01
     2.9000   -5.657126E-02  6.005301E-02  1.133776E+01
     2.9500   -4.362316E-02  5.344662E-02  1.161157E+01
     3.0000   -2.972550E-02  4.736871E-02  1.188799E+01
     3.0500   -1.620844E-02  4.498869E-02  1.219780E+01
     3.1000   -2.340023E-03  4.315032E-02  1.251211E+01
     3.1500    1.108931E-02  4.166145E-02  1.283580E+01
     3.2000    2.292880E-02  4.030054E-02  1.317159E+01
     3.2500    3.504787E-02  4.325411E-02  1.351100E+01
     3.3000    4.423648E-02  4.605754E-02  1.385502E+01
     3.3500    4.846111E-02  4.856447E-02  1.420242E+01
     3.4000    4.636527E-02  5.065531E-02  1.455169E+01
     3.4500    4.045530E-02  5.476684E-02  1.487685E+01
     3.5000    2.804577E-02  5.798895E-02  1.520315E+01
     3.5500    1.083147E-02  6.024666E-02  1.552719E+01
     3.6000   -8.467845E-03  6.155397E-02  1.584597E+01
     3.6500   -2.685794E-02  6.268437E-02  1.615075E+01
     3.7000   -4.232215E-02  6.258423E-02  1.645061E+01
     3.7500   -5.270421E-02  6.131181E-02  1.674247E+01
     3.8000   -5.706422E-02  5.898559E-02  1.702282E+01
     3.8500   -5.579218E-02  5.579827E-02  1.729353E+01
     3.9000   -5.000071E-02  5.185859E-02  1.754724E+01
     3.9500   -4.164616E-02  4.745477E-02  1.777873E+01
     4.0000   -3.274774E-02  4.291907E-02  1.798160E+01
     4.0500   -2.445749E-02  3.832623E-02  1.815748E+01
     4.1000   -1.815316E-02  3.439703E-02  1.829360E+01
     4.1500   -1.401547E-02  3.154836E-02  1.838922E+01
     4.2000   -1.160642E-02  3.012306E-02  1.845402E+01
     4.2500   -9.675025E-03  2.990373E-02  1.852009E+01
     4.3000   -7.710252E-03  3.089302E-02  1.859731E+01
     4.3500   -5.031849E-03  3.281011E-02  1.869559E+01
     4.4000   -1.157537E-03  3.542746E-02  1.881688E+01
     4.4500    4.296373E-03  3.798057E-02  1.896292E+01
     4.5000    1.105419E-02  4.089692E-02  1.912325E+01
     4.5500    1.914091E-02  4.420714E-02  1.929735E+01
     4.6000    2.847997E-02  4.790523E-02  1.948621E+01
     4.6500    3.815608E-02  5.127888E-02  1.968873E+01
     4.7000    4.770715E-02  5.482130E-02  1.990523E+01
     4.7500    5.597420E-02  5.831806E-02  2.013588E+01
     4.8000    6.144194E-02  6.149346E-02  2.037942E+01
     4.8500    6.234740E-02  6.372420E-02  2.062860E+01
     4.9000    5.825900E-02  6.516455E-02  2.088489E+01
     4.9500    4.914927E-02  6.562061E-02  2.114461E+01
     5.0000    3.603638E-02  6.498792E-02  2.140338E+01
     5.0500    2.086969E-02  6.307244E-02  2.165391E+01
     5.1000    5.932067E-03  6.032260E-02  2.189265E+01
     5.1500   -6.955545E-03  5.705562E-02  2.211336E+01
     5.2000   -1.686223E-02  5.374460E-02  2.231029E+01
     5.2500   -2.390659E-02  5.090032E-02  2.248007E+01
     5.3000   -2.930795E-02  4.924574E-02  2.262858E+01
     5.3500   -3.447634E-02  4.913642E-02  2.276885E+01
     5.4000   -4.042060E-02  5.054874E-02  2.291784E+01
     5.4500   -4.714558E-02  5.296354E-02  2.308883E+01
     5.5000   -5.375237E-02  5.587475E-02  2.328544E+01
     5.5500   -5.860561E-02  5.870106E-02  2.350491E+01
     5.6000   -6.000497E-02  6.098503E-02  2.374147E+01
     5.6500   -5.667361E-02  6.225657E-02  2.398868E+01
     5.7000   -4.870478E-02  6.254822E-02  2.424019E+01
     5.7500   -3.705608E-02  6.187326E-02  2.449061E+01
     5.8000   -2.337055E-02  6.035947E-02  2.473516E+01
     5.8500   -9.485935E-03  5.812762E-02  2.496882E+01
     5.9000    3.130955E-03  5.559485E-02  2.518909E+01
     5.9500    1.370060E-02  5.306470E-02  2.539389E+01
     6.0000    2.210825E-02  5.083069E-02  2.558271E+01
     6.0500    2.877556E-02  4.915050E-02  2.575819E+01
     6.1000    3.429274E-02  4.821135E-02  2.592409E+01
     6.1500    3.921823E-02  4.811830E-02  2.608554E+01
     6.2000    4.394223E-02  4.892151E-02  2.624844E+01
     6.2500    4.858029E-02  5.061908E-02  2.641876E+01
     6.3000    5.287686E-02  5.315213E-02  2.660172E+01
     6.3500    5.612758E-02  5.639649E-02  2.680123E+01
     6.4000    5.718193E-02  6.015940E-02  2.701947E+01
     6.4500    5.460777E-02  6.418766E-02  2.725692E+01
     6.5000    4.705740E-02  6.818643E-02  2.751267E+01
     6.5500    3.346170E-02  7.179200E-02  2.778947E+01
     6.6000    1.440077E-02  7.467773E-02  2.808028E+01
     6.6500   -8.251192E-03  7.658762E-02  2.838228E+01
     6.7000   -3.141643E-02  7.733415E-02  2.869267E+01
     6.7500   -5.147705E-02  7.681162E-02  2.900878E+01
     6.8000   -6.519575E-02  7.500243E-02  2.932801E+01
     6.8500   -7.058086E-02  7.197618E-02  2.964791E+01
     6.9000   -6.738594E-02  6.788152E-02  2.996604E+01
     6.9500   -5.707077E-02  6.293070E-02  3.028010E+01
     7.0000   -4.226248E-02  5.737716E-02  3.058794E+01
     7.0500   -2.589955E-02  5.150725E-02  3.088905E+01
     7.1000   -1.063251E-02  4.555583E-02  3.118036E+01
     7.1500    1.811096E-03  3.970990E-02  3.146155E+01
     7.2000    1.062836E-02  3.406969E-02  3.173318E+01
     7.2500    1.569837E-02  2.863991E-02  3.199605E+01
     7.3000    1.728290E-02  2.334662E-02  3.224940E+01
     7.3500    1.586651E-02  1.808267E-02  3.248643E+01
     7.4000    1.219365E-02  1.278815E-02  3.268061E+01
     7.4500    7.396903E-03  7.662874E-03  3.272248E+01
     7.5000    3.020855E-03  4.550917E-03  3.214180E+01
     7.5500    8.716155E-04  7.622346E-03  3.153053E+01
     7.6000    2.292103E-03  1.316576E-02  3.159091E+01
     7.6500    7.721585E-03  1.897578E-02  3.183500E+01
     7.7000    1.623687E-02  2.450062E-02  3.214036E+01
     7.7500    2.562881E-02  2.941722E-02  3.247360E+01
     7.8000    3.301684E-02  3.347254E-02  3.282152E+01
     7.8500    3.581252E-02  3.647198E-02  3.317718E+01
     7.9000    3.265760E-02  3.828801E-02  3.353592E+01
     7.9500    2.394221E-02  3.886983E-02  3.389392E+01
     8.0000    1.167260E-02  3.824974E-02  3.424740E+01
     8.0500   -1.277094E-03  3.666871E-02  3.459235E+01
     8.1000   -1.221572E-02  3.419794E-02  3.492279E+01
     8.1500   -1.943370E-02  3.111630E-02  3.523207E+01
     8.2000   -2.267075E-02  2.777751E-02  3.551224E+01
     8.2500   -2.290277E-02  2.459153E-02  3.575556E+01
     8.3000   -2.166025E-02  2.197387E-02  3.595916E+01
     8.3500   -2.023260E-02  2.023278E-02  3.613256E+01
     8.4000   -1.913363E-02  1.941804E-02  3.629968E+01
     8.4500   -1.804665E-02  1.927021E-02  3.648658E+01
     8.5000   -1.621652E-02  1.936079E-02  3.670624E+01
     8.5500   -1.314173E-02  1.942934E-02  3.695627E+01
     8.6000   -8.667671E-03  1.908308E-02  3.722763E+01
     8.6500   -3.459786E-03  1.819570E-02  3.750780E+01
     8.7000    1.399416E-03  1.677825E-02  3.778262E+01
     8.7500    4.934883E-03  1.496840E-02  3.803508E+01
     8.8000    6.755241E-03  1.303154E-02  3.824406E+01
     8.8500    7.227731E-03  1.136555E-02  3.838833E+01
     8.9000    7.260863E-03  1.043835E-02  3.846836E+01
     8.9500    7.808991E-03  1.052911E-02  3.853465E+01
     9.0000    9.355397E-03  1.145625E-02  3.865464E+01
     9.0500    1.175668E-02  1.286457E-02  3.885185E+01
     9.1000    1.404329E-02  1.422301E-02  3.911077E+01
     9.1500    1.508879E-02  1.523992E-02  3.941086E+01
     9.2000    1.406709E-02  1.574725E-02  3.973606E+01
     9.2500    1.086230E-02  1.567033E-02  4.007482E+01
     9.3000    6.154981E-03  1.500709E-02  4.041810E+01
     9.3500    1.148889E-03  1.381480E-02  4.075744E+01
     9.4000   -2.926707E-03  1.220139E-02  4.108293E+01
     9.4500   -5.303888E-03  1.032142E-02  4.138040E+01
     9.5000   -5.932766E-03  8.380722E-03  4.162723E+01
     9.5500   -5.485450E-03  6.720636E-03  4.179552E+01
     9.6000   -4.720132E-03  5.574224E-03  4.185060E+01
     9.6500   -4.404710E-03  5.261503E-03  4.183277E+01
     9.7000   -4.889227E-03  5.714118E-03  4.186749E+01
     9.7500   -5.996485E-03  6.507573E-03  4.201253E+01
     9.8000   -7.165404E-03  7.270057E-03  4.224162E+01
     9.8500   -7.756288E-03  7.801166E-03  4.251882E+01
     9.9000   -7.360837E-03  8.018731E-03  4.281940E+01
     9.9500   -5.972948E-03  7.912860E-03  4.312689E+01
    10.0000   -3.956114E-03  7.522565E-03  4.342852E+01
    10.0500   -1.904824E-03  7.054287E-03  4.370888E+01
    10.1000   -1.408707E-04  6.484495E-03  4.396057E+01
    10.1500    1.134717E-03  5.933456E-03  4.417472E+01
    10.2000    1.993591E-03  5.528360E-03  4.435122E+01
    10.2500    2.684922E-03  5.362206E-03  4.450672E+01
    10.3000    3.460908E-03  5.445084E-03  4.467109E+01
    10.3500    4.415966E-03  5.698849E-03  4.486883E+01
    10.4000    5.419104E-03  6.006036E-03  4.510732E+01
    10.4500    6.168252E-03  6.260294E-03  4.538140E+01
    10.5000    6.334535E-03  6.387459E-03  4.568191E+01
    10.5500    5.723378E-03  6.346624E-03  4.599998E+01
    10.6000    4.375748E-03  6.124819E-03  4.632808E+01
    10.6500    2.565523E-03  5.731009E-03  4.665975E+01
    10.7000    6.992285E-04  5.190723E-03  4.698877E+01
    10.7500   -8.324960E-04  4.541446E-03  4.730824E+01
    10.8000   -1.785728E-03  3.828910E-03  4.760908E+01
    10.8500   -2.124914E-03  3.104781E-03  4.787767E+01
    10.9000   -1.999328E-03  2.426852E-03  4.809203E+01
    10.9500   -1.656093E-03  1.862854E-03  4.821906E+01
    11.0000   -1.334272E-03  1.491340E-03  4.823160E+01
    11.0500   -1.224735E-03  1.403700E-03  4.818420E+01
    11.1000   -1.317127E-03  1.505521E-03  4.818905E+01
    11.1500   -1.553138E-03  1.689103E-03  4.829071E+01
    11.2000   -1.823228E-03  1.873380E-03  4.846278E+01
    11.2500   -2.021781E-03  2.022286E-03  4.867234E+01
    11.3000   -2.084874E-03  2.128545E-03  4.889760E+01
    11.3500   -1.998630E-03  2.200454E-03  4.912633E+01
    11.4000   -1.782346E-03  2.253481E-03  4.935315E+01
    11.4500   -1.461848E-03  2.303820E-03  4.957808E+01
    11.5000   -1.050282E-03  2.363057E-03  4.980491E+01
    11.5500   -5.464670E-04  2.434826E-03  5.003912E+01
    11.6000    5.026328E-05  2.514484E-03  5.028547E+01
    11.6500    7.190191E-04  2.591494E-03  5.054663E+01
    11.7000    1.403418E-03  2.652958E-03  5.082291E+01
    11.7500    2.014064E-03  2.686735E-03  5.111299E+01
    11.8000    2.448462E-03  2.683421E-03  5.141469E+01
    11.8500    2.621097E-03  2.637245E-03  5.172556E+01
    11.9000    2.491859E-03  2.546174E-03  5.204320E+01
    11.9500    2.081804E-03  2.411565E-03  5.236538E+01
    12.0000    1.470446E-03  2.237582E-03  5.269003E+01
    12.0500    7.973769E-04  2.109524E-03  5.301945E+01
    12.1000    1.151042E-04  1.947123E-03  5.334793E+01
    12.1500   -4.607979E-04  1.755851E-03  5.367262E+01
    12.2000   -8.488046E-04  1.542509E-03  5.398977E+01
    12.2500   -1.019132E-03  1.315062E-03  5.429374E+01
    12.3000   -9.961275E-04  1.082726E-03  5.457520E+01
    12.3500   -8.456339E-04  8.566542E-04  5.481730E+01
    12.4000   -6.520193E-04  6.520546E-04  5.498828E+01
    12.4500   -4.922944E-04  4.931128E-04  5.503549E+01
    12.5000   -4.150668E-04  4.154590E-04  5.493442E+01
    12.5500   -4.301077E-04  4.352796E-04  5.482356E+01
    12.6000   -5.107193E-04  5.146057E-04  5.485489E+01
    12.6500   -6.070416E-04  6.074111E-04  5.501275E+01
    12.7000   -6.651810E-04  6.892615E-04  5.524298E+01
    12.7500   -6.455760E-04  7.498419E-04  5.551153E+01
    12.8000   -5.347651E-04  7.855466E-04  5.579987E+01
    12.8500   -3.473776E-04  7.963117E-04  5.609726E+01
    12.9000   -1.187451E-04  7.842786E-04  5.639668E+01
    12.9500    1.082596E-04  7.531020E-04  5.669292E+01
    13.0000    2.968854E-04  7.074597E-04  5.698173E+01
    13.0500    4.453159E-04  6.821442E-04  5.725997E+01
    13.1000    5.417959E-04  6.526120E-04  5.752813E+01
    13.1500    5.879706E-04  6.221389E-04  5.778650E+01
    13.2000    5.911721E-04  5.931870E-04  5.803702E+01
    13.2500    5.594588E-04  5.670265E-04  5.828302E+01
    13.3000    4.987288E-04  5.435909E-04  5.852858E+01
    13.3500    4.127861E-04  5.216613E-04  5.877734E+01
    13.4000    3.056591E-04  4.993388E-04  5.903151E+01
    13.4500    1.843642E-04  4.746333E-04  5.929133E+01
    13.5000    6.016353E-05  4.459896E-04  5.955495E+01
    13.5500   -5.279070E-05  4.126540E-04  5.981854E+01
    13.6000   -1.411334E-04  3.748854E-04  6.007624E+01
    13.6500   -1.967130E-04  3.340645E-04  6.031989E+01
    13.7000   -2.196573E-04  2.927604E-04  6.053877E+01
    13.7500   -2.184436E-04  2.547446E-04  6.072065E+01
    13.8000   -2.066357E-04  2.247009E-04  6.085733E+01
    13.8500   -1.974715E-04  2.069514E-04  6.095721E+01
    13.9000   -1.985368E-04  2.029056E-04  6.105317E+01
    13.9500   -2.088292E-04  2.094546E-04  6.118376E+01
    14.0000   -2.195427E-04  2.207707E-04  6.136658E+01
    14.0500   -2.275396E-04  2.410668E-04  6.159765E+01
    14.1000   -2.133006E-04  2.591095E-04  6.186482E+01
    14.1500   -1.701586E-04  2.724307E-04  6.215724E+01
    14.2000   -9.991605E-05  2.795403E-04  6.246634E+01
    14.2500   -1.295591E-05  2.797268E-04  6.278552E+01
    14.3000    7.479423E-05  2.729143E-04  6.310946E+01
    14.3500    1.468912E-04  2.595605E-04  6.343341E+01
    14.4000    1.914978E-04  2.405763E-04  6.375250E+01
    14.4500    2.047162E-04  2.172607E-04  6.406117E+01
    14.5000    1.910072E-04  1.912495E-04  6.435231E+01
    14.5500    1.607356E-04  1.644832E-04  6.461653E+01
    14.6000    1.259724E-04  1.391895E-04  6.484197E+01
    14.6500    9.626634E-05  1.178104E-04  6.501703E+01
    14.7000    7.595645E-05  1.026342E-04  6.514027E+01
    14.7500    6.384980E-05  9.481465E-05  6.523462E+01
    14.8000    5.506781E-05  9.331947E-05  6.534226E+01
    14.8500    4.402774E-05  9.535505E-05  6.549351E+01
    14.9000    2.719649E-05  9.801002E-05  6.569227E+01
    14.9500    4.525674E-06  9.928930E-05  6.592785E+01
    15.0000   -2.082619E-05  9.820068E-05  6.618715E+01
