# # Cu                                                           FEFF 10.0   
# # POT  SCF 100  4.0000   0, core-hole, AFOLP (folp(0)= 1.150)
# # Abs   Z=29 Rmt= 1.437 Rnm= 1.489 K  shell
# # Pot 1 Z=29 Rmt= 1.344 Rnm= 1.381
# # Gam_ch=1.729E+00 H-L exch Vi= 0.000E+00 Vr= 0.000E+00
# # Mu=-7.990E+00eV kf=1.994E+00 Vint=-1.742E+01eV Rs_int= 1.819
# # PATH  Rmax= 8.000,  Keep_limit= 0.00, Heap_limit 0.00  Pwcrit= 2.50%
#  S02=1.000  Temp= 450.00  Debye_temp= 315.00  Global_sig2= 0.00000
#  Energy zero shift, vr, vi    0.00000E+00   0.00000E+00
#  Curved wave amplitude ratio filter   4.000%
#     file         sig2 tot  cw amp ratio   deg  nlegs   reff  inp sig2
#           1       0.01186    100.00     12.00     2   2.5323
#           2       0.01638     22.99      6.00     2   3.5812
#           3       0.01119     10.61     48.00     3   3.7984
#           4       0.01433      7.52     48.00     3   4.3229
#           5       0.01536     55.07     24.00     2   4.3860
#           6       0.01453     11.25     48.00     3   4.7253
#           7       0.01447     17.45     96.00     3   4.7253
#           8       0.01475     18.67     12.00     2   5.0645
#           9       0.01531      8.74     12.00     3   5.0646
#          10       0.01475     39.86     24.00     3   5.0645
#          11       0.01531      9.74     12.00     4   5.0646
#          12       0.02372      4.05     12.00     4   5.0646
#          14       0.01475     31.90     12.00     4   5.0645
#          16       0.01555     27.24     24.00     2   5.6623
#          17       0.01645      8.94     48.00     3   5.8879
#          18       0.01554      5.83     48.00     3   5.8879
#          19       0.01562      6.34     48.00     3   5.8879
#          20       0.01456      4.31     96.00     3   5.9914
#          21       0.01476      4.97     96.00     3   5.9914
#          22       0.01476      4.66     96.00     4   5.9914
#          23       0.01456      4.81     96.00     4   5.9914
#          25       0.01504      6.95      8.00     2   6.2028
#          26       0.01511      5.01     96.00     3   6.2903
#          27       0.01590      4.11     48.00     3   6.5605
#          29       0.01510     33.09     48.00     2   6.6998
#          30       0.01613     16.57     96.00     3   6.8090
#          31       0.01503      9.61     96.00     3   6.8090
#          32       0.01509      9.06     96.00     3   6.8090
#          34       0.02772      4.86     96.00     4   6.9183
#          35       0.01533      4.78     96.00     3   7.1483
#          41       0.01550      5.49     12.00     3   7.1623
#          43       0.01567      4.01     24.00     3   7.5968
#          44       0.01567      7.83     24.00     6   7.5968
#          47       0.01567      4.10     24.00     4   7.5968
#          48       0.01567      4.48     24.00     5   7.5968
#          49       0.01567      5.15     24.00     5   7.5968
#          50       0.01567      5.50     24.00     5   7.5968
#          51       0.01674      4.02     48.00     3   7.7820
#          52       0.01550      5.42     96.00     3   7.8957
#    39/  49 paths used
#  xsedge+50, used to normalize mu           2.4644E-04
#  -----------------------------------------------------------------------
#  omega    e    k    mu    mu0     chi     @#
    8988.525     -7.990   0.000  3.34712E-01  4.28416E-01 -1.15938E-01
    8988.535     -7.981   0.050  3.37730E-01  4.34360E-01 -1.19414E-01
    8988.564     -7.952   0.100  3.40722E-01  4.40304E-01 -1.22913E-01
    8988.611     -7.905   0.150  3.49454E-01  4.57952E-01 -1.33447E-01
    8988.678     -7.838   0.200  3.58008E-01  4.75600E-01 -1.44124E-01
    8988.764     -7.752   0.250  3.70546E-01  5.03397E-01 -1.61913E-01
    8988.868     -7.648   0.300  3.82836E-01  5.31195E-01 -1.79804E-01
    8988.992     -7.524   0.350  3.94649E-01  5.64419E-01 -2.04232E-01
    8989.135     -7.381   0.400  4.06659E-01  5.97644E-01 -2.28065E-01
    8989.297     -7.219   0.450  4.13293E-01  6.30008E-01 -2.56524E-01
    8989.478     -7.038   0.500  4.21503E-01  6.62373E-01 -2.82638E-01
    8989.678     -6.838   0.550  4.23666E-01  6.90219E-01 -3.09766E-01
    8989.897     -6.619   0.600  4.29828E-01  7.18066E-01 -3.31775E-01
    8990.135     -6.381   0.650  4.33945E-01  7.41021E-01 -3.49919E-01
    8990.392     -6.124   0.700  4.44919E-01  7.63976E-01 -3.59969E-01
    8990.669     -5.847   0.750  4.59273E-01  7.82950E-01 -3.61539E-01
    8990.964     -5.552   0.800  4.82257E-01  8.01923E-01 -3.53534E-01
    8991.278     -5.238   0.850  5.12001E-01  8.17855E-01 -3.35055E-01
    8991.612     -4.904   0.900  5.49082E-01  8.33786E-01 -3.08961E-01
    8991.964     -4.552   0.950  5.91430E-01  8.47282E-01 -2.75240E-01
    8992.335     -4.180   1.000  6.35717E-01  8.60779E-01 -2.40031E-01
    8992.726     -3.790   1.050  6.79151E-01  8.72235E-01 -2.04361E-01
    8993.136     -3.380   1.100  7.16981E-01  8.83692E-01 -1.75116E-01
    8993.564     -2.952   1.150  7.46783E-01  8.93306E-01 -1.52926E-01
    8994.012     -2.504   1.200  7.66654E-01  9.02921E-01 -1.41318E-01
    8994.479     -2.037   1.250  7.77223E-01  9.10843E-01 -1.37868E-01
    8994.964     -1.552   1.300  7.82343E-01  9.18765E-01 -1.40046E-01
    8995.469     -1.047   1.350  7.86964E-01  9.25118E-01 -1.41292E-01
    8995.993     -0.523   1.400  7.98907E-01  9.31471E-01 -1.35067E-01
    8996.536      0.020   1.450  8.24368E-01  9.36362E-01 -1.13824E-01
    8997.098      0.582   1.500  8.67960E-01  9.41252E-01 -7.43046E-02
    8997.679      1.163   1.550  9.30616E-01  9.44857E-01 -1.44186E-02
    8998.279      1.763   1.600  1.00652E+00  9.48461E-01  5.87079E-02
    8998.898      2.382   1.650  1.08811E+00  9.50898E-01  1.38705E-01
    8999.536      3.020   1.700  1.15950E+00  9.53335E-01  2.08340E-01
    9000.194      3.678   1.750  1.21076E+00  9.54801E-01  2.58809E-01
    9000.870      4.354   1.800  1.22964E+00  9.56268E-01  2.76576E-01
    9001.565      5.049   1.850  1.21344E+00  9.56919E-01  2.59862E-01
    9002.280      5.764   1.900  1.16684E+00  9.57570E-01  2.12261E-01
    9003.013      6.497   1.950  1.10003E+00  9.57469E-01  1.44863E-01
    9003.765      7.249   2.000  1.03234E+00  9.57367E-01  7.63197E-02
    9004.537      8.021   2.050  9.76337E-01  9.56581E-01  2.01583E-02
    9005.328      8.812   2.100  9.49994E-01  9.55796E-01 -5.93416E-03
    9006.137      9.621   2.150  9.55688E-01  9.55010E-01  6.95236E-04
    9006.966     10.450   2.200  9.85567E-01  9.54225E-01  3.22155E-02
    9007.814     11.298   2.250  1.03461E+00  9.55923E-01  8.10915E-02
    9008.680     12.164   2.300  1.07358E+00  9.57622E-01  1.19823E-01
    9009.566     13.050   2.350  1.08741E+00  9.59320E-01  1.32715E-01
    9010.471     13.955   2.400  1.07345E+00  9.61018E-01  1.16802E-01
    9011.395     14.879   2.450  1.04730E+00  9.64317E-01  8.62531E-02
    9012.338     15.822   2.500  1.01120E+00  9.67615E-01  4.53259E-02
    9013.300     16.784   2.550  9.74407E-01  9.70913E-01  3.63459E-03
    9014.281     17.765   2.600  9.45385E-01  9.74211E-01 -3.00016E-02
    9015.281     18.765   2.650  9.22735E-01  9.75014E-01 -5.43994E-02
    9016.300     19.784   2.700  9.08874E-01  9.75816E-01 -6.96438E-02
    9017.338     20.823   2.750  9.04072E-01  9.76619E-01 -7.54590E-02
    9018.396     21.880   2.800  9.07241E-01  9.77422E-01 -7.29822E-02
    9019.472     22.956   2.850  9.13967E-01  9.78549E-01 -6.70289E-02
    9020.567     24.051   2.900  9.25064E-01  9.79677E-01 -5.65713E-02
    9021.682     25.166   2.950  9.38609E-01  9.80804E-01 -4.36232E-02
    9022.815     26.299   3.000  9.53123E-01  9.81931E-01 -2.97255E-02
    9023.968     27.452   3.050  9.67257E-01  9.83005E-01 -1.62084E-02
    9025.139     28.623   3.100  9.81799E-01  9.84078E-01 -2.34002E-03
    9026.330     29.814   3.150  9.95979E-01  9.85152E-01  1.10893E-02
    9027.540     31.024   3.200  1.00867E+00  9.86225E-01  2.29288E-02
    9028.768     32.252   3.250  1.02188E+00  9.87490E-01  3.50479E-02
    9030.016     33.500   3.300  1.03228E+00  9.88754E-01  4.42365E-02
    9031.283     34.767   3.350  1.03782E+00  9.90019E-01  4.84611E-02
    9032.569     36.053   3.400  1.03714E+00  9.91284E-01  4.63653E-02
    9033.874     37.358   3.450  1.03274E+00  9.92632E-01  4.04553E-02
    9035.198     38.682   3.500  1.02186E+00  9.93980E-01  2.80458E-02
    9036.541     40.025   3.550  1.00612E+00  9.95328E-01  1.08315E-02
    9037.903     41.387   3.600  9.88217E-01  9.96676E-01 -8.46784E-03
    9039.284     42.768   3.650  9.71129E-01  9.98021E-01 -2.68579E-02
    9040.684     44.168   3.700  9.56894E-01  9.99367E-01 -4.23222E-02
    9042.103     45.587   3.750  9.47700E-01  1.00071E+00 -5.27042E-02
    9043.542     47.026   3.800  9.44530E-01  1.00206E+00 -5.70642E-02
    9044.999     48.483   3.850  9.46916E-01  1.00327E+00 -5.57922E-02
    9046.475     49.959   3.900  9.53882E-01  1.00449E+00 -5.00007E-02
    9047.971     51.455   3.950  9.63471E-01  1.00571E+00 -4.16462E-02
    9049.485     52.969   4.000  9.73646E-01  1.00692E+00 -3.27477E-02
    9051.019     54.503   4.050  9.82984E-01  1.00787E+00 -2.44575E-02
    9052.571     56.055   4.100  9.90322E-01  1.00882E+00 -1.81532E-02
    9054.143     57.627   4.150  9.95467E-01  1.00977E+00 -1.40155E-02
    9055.734     59.218   4.200  9.98857E-01  1.01072E+00 -1.16064E-02
    9057.343     60.827   4.250  1.00148E+00  1.01138E+00 -9.67502E-03
    9058.972     62.456   4.300  1.00415E+00  1.01204E+00 -7.71025E-03
    9060.620     64.104   4.350  1.00755E+00  1.01270E+00 -5.03185E-03
    9062.287     65.771   4.400  1.01218E+00  1.01336E+00 -1.15754E-03
    9063.973     67.457   4.450  1.01800E+00  1.01360E+00  4.29637E-03
    9065.678     69.162   4.500  1.02517E+00  1.01383E+00  1.10542E-02
    9067.402     70.886   4.550  1.03371E+00  1.01406E+00  1.91409E-02
    9069.145     72.629   4.600  1.04354E+00  1.01429E+00  2.84800E-02
    9070.907     74.391   4.650  1.05329E+00  1.01411E+00  3.81561E-02
    9072.688     76.172   4.700  1.06292E+00  1.01393E+00  4.77071E-02
    9074.488     77.972   4.750  1.07122E+00  1.01375E+00  5.59742E-02
    9076.308     79.792   4.800  1.07665E+00  1.01357E+00  6.14419E-02
    9078.146     81.630   4.850  1.07718E+00  1.01320E+00  6.23474E-02
    9080.003     83.487   4.900  1.07258E+00  1.01283E+00  5.82590E-02
    9081.880     85.364   4.950  1.06284E+00  1.01246E+00  4.91493E-02
    9083.775     87.259   5.000  1.04901E+00  1.01209E+00  3.60364E-02
    9085.690     89.174   5.050  1.03275E+00  1.01138E+00  2.08697E-02
    9087.623     91.107   5.100  1.01674E+00  1.01067E+00  5.93207E-03
    9089.576     93.060   5.150  1.00286E+00  1.00997E+00 -6.95554E-03
    9091.547     95.032   5.200  9.92029E-01  1.00926E+00 -1.68622E-02
    9093.538     97.022   5.250  9.83990E-01  1.00841E+00 -2.39066E-02
    9095.548     99.032   5.300  9.77637E-01  1.00755E+00 -2.93080E-02
    9097.577    101.061   5.350  9.71528E-01  1.00669E+00 -3.44763E-02
    9099.625    103.109   5.400  9.64635E-01  1.00584E+00 -4.04206E-02
    9101.692    105.176   5.450  9.57119E-01  1.00514E+00 -4.71456E-02
    9103.777    107.262   5.500  9.49731E-01  1.00445E+00 -5.37524E-02
    9105.883    109.367   5.550  9.44137E-01  1.00376E+00 -5.86056E-02
    9108.007    111.491   5.600  9.42061E-01  1.00306E+00 -6.00050E-02
    9110.150    113.634   5.650  9.44812E-01  1.00240E+00 -5.66736E-02
    9112.312    115.796   5.700  9.52268E-01  1.00173E+00 -4.87048E-02
    9114.493    117.977   5.750  9.63451E-01  1.00106E+00 -3.70561E-02
    9116.693    120.177   5.800  9.76687E-01  1.00040E+00 -2.33706E-02
    9118.913    122.397   5.850  9.90187E-01  9.99806E-01 -9.48594E-03
    9121.151    124.635   5.900  1.00239E+00  9.99216E-01  3.13095E-03
    9123.408    126.892   5.950  1.01251E+00  9.98627E-01  1.37006E-02
    9125.685    129.169   6.000  1.02043E+00  9.98037E-01  2.21082E-02
    9127.980    131.464   6.050  1.02689E+00  9.97746E-01  2.87756E-02
    9130.295    133.779   6.100  1.03217E+00  9.97455E-01  3.42927E-02
    9132.629    136.113   6.150  1.03686E+00  9.97164E-01  3.92182E-02
    9134.981    138.465   6.200  1.04134E+00  9.96874E-01  4.39422E-02
    9137.353    140.837   6.250  1.04573E+00  9.96583E-01  4.85803E-02
    9139.744    143.228   6.300  1.04978E+00  9.96292E-01  5.28769E-02
    9142.154    145.638   6.350  1.05276E+00  9.96001E-01  5.61276E-02
    9144.582    148.066   6.400  1.05352E+00  9.95710E-01  5.71819E-02
    9147.030    150.514   6.450  1.05062E+00  9.95420E-01  5.46078E-02
    9149.497    152.981   6.500  1.04268E+00  9.95129E-01  4.70574E-02
    9151.983    155.467   6.550  1.02864E+00  9.94837E-01  3.34617E-02
    9154.488    157.972   6.600  1.00909E+00  9.94545E-01  1.44008E-02
    9157.012    160.497   6.650  9.85925E-01  9.94253E-01 -8.25119E-03
    9159.556    163.040   6.700  9.62267E-01  9.93961E-01 -3.14164E-02
    9162.118    165.602   6.750  9.41759E-01  9.93669E-01 -5.14770E-02
    9164.699    168.183   6.800  9.27661E-01  9.93377E-01 -6.51958E-02
    9167.299    170.784   6.850  9.21971E-01  9.93085E-01 -7.05809E-02
    9169.919    173.403   6.900  9.24928E-01  9.92793E-01 -6.73859E-02
    9172.557    176.041   6.950  9.35049E-01  9.92501E-01 -5.70708E-02
    9175.215    178.699   7.000  9.49682E-01  9.92209E-01 -4.22625E-02
    9177.891    181.375   7.050  9.65473E-01  9.91507E-01 -2.58995E-02
    9180.587    184.071   7.100  9.80129E-01  9.90806E-01 -1.06325E-02
    9183.301    186.785   7.150  9.91921E-01  9.90104E-01  1.81110E-03
    9186.035    189.519   7.200  1.00005E+00  9.89402E-01  1.06284E-02
    9188.788    192.272   7.250  1.00442E+00  9.88701E-01  1.56984E-02
    9191.560    195.044   7.300  1.00528E+00  9.87999E-01  1.72829E-02
    9194.350    197.834   7.350  1.00315E+00  9.87297E-01  1.58665E-02
    9197.160    200.644   7.400  9.98764E-01  9.86595E-01  1.21936E-02
    9199.989    203.473   7.450  9.93267E-01  9.85894E-01  7.39690E-03
    9202.837    206.321   7.500  9.88200E-01  9.85192E-01  3.02085E-03
    9205.704    209.188   7.550  9.84904E-01  9.84038E-01  8.71616E-04
    9208.590    212.074   7.600  9.85159E-01  9.82883E-01  2.29210E-03
    9211.495    214.979   7.650  9.89383E-01  9.81729E-01  7.72158E-03
    9214.419    217.903   7.700  9.96644E-01  9.80575E-01  1.62369E-02
    9217.363    220.847   7.750  1.00474E+00  9.79420E-01  2.56288E-02
    9220.325    223.809   7.800  1.01084E+00  9.78266E-01  3.30168E-02
    9223.306    226.790   7.850  1.01239E+00  9.77112E-01  3.58125E-02
    9226.307    229.791   7.900  1.00808E+00  9.75957E-01  3.26576E-02
    9229.326    232.810   7.950  9.98313E-01  9.74803E-01  2.39422E-02
    9232.364    235.849   8.000  9.85093E-01  9.73649E-01  1.16726E-02
    9235.422    238.906   8.050  9.71269E-01  9.72519E-01 -1.27709E-03
    9238.499    241.983   8.100  9.59448E-01  9.71390E-01 -1.22157E-02
    9241.594    245.078   8.150  9.51289E-01  9.70260E-01 -1.94337E-02
    9244.709    248.193   8.200  9.47031E-01  9.69131E-01 -2.26708E-02
    9247.843    251.327   8.250  9.45708E-01  9.68001E-01 -2.29028E-02
    9250.995    254.479   8.300  9.45818E-01  9.66872E-01 -2.16602E-02
    9254.167    257.651   8.350  9.46105E-01  9.65743E-01 -2.02326E-02
    9257.358    260.842   8.400  9.46069E-01  9.64613E-01 -1.91336E-02
    9260.568    264.052   8.450  9.46018E-01  9.63484E-01 -1.80467E-02
    9263.797    267.281   8.500  9.46682E-01  9.62354E-01 -1.62165E-02
    9267.045    270.529   8.550  9.48743E-01  9.61428E-01 -1.31417E-02
    9270.312    273.796   8.600  9.52145E-01  9.60502E-01 -8.66767E-03
    9273.598    277.082   8.650  9.56244E-01  9.59575E-01 -3.45979E-03
    9276.903    280.387   8.700  9.59995E-01  9.58649E-01  1.39942E-03
    9280.227    283.711   8.750  9.62463E-01  9.57723E-01  4.93488E-03
    9283.571    287.055   8.800  9.63278E-01  9.56797E-01  6.75524E-03
    9286.933    290.417   8.850  9.62796E-01  9.55870E-01  7.22773E-03
    9290.314    293.798   8.900  9.61894E-01  9.54944E-01  7.26086E-03
    9293.715    297.199   8.950  9.61483E-01  9.54018E-01  7.80899E-03
    9297.134    300.618   9.000  9.62024E-01  9.53092E-01  9.35540E-03
    9300.573    304.057   9.050  9.63540E-01  9.52326E-01  1.17567E-02
    9304.030    307.514   9.100  9.64943E-01  9.51561E-01  1.40433E-02
    9307.507    310.991   9.150  9.65160E-01  9.50796E-01  1.50888E-02
    9311.003    314.487   9.200  9.63409E-01  9.50030E-01  1.40671E-02
    9314.517    318.001   9.250  9.59586E-01  9.49265E-01  1.08623E-02
    9318.051    321.535   9.300  9.54342E-01  9.48500E-01  6.15498E-03
    9321.604    325.088   9.350  9.48824E-01  9.47734E-01  1.14889E-03
    9325.176    328.660   9.400  9.44196E-01  9.46969E-01 -2.92671E-03
    9328.767    332.251   9.450  9.41184E-01  9.46204E-01 -5.30389E-03
    9332.377    335.861   9.500  9.39829E-01  9.45438E-01 -5.93277E-03
    9336.006    339.490   9.550  9.39414E-01  9.44595E-01 -5.48545E-03
    9339.654    343.138   9.600  9.39298E-01  9.43752E-01 -4.72013E-03
    9343.321    346.805   9.650  9.38757E-01  9.42909E-01 -4.40471E-03
    9347.007    350.491   9.700  9.37461E-01  9.42067E-01 -4.88923E-03
    9350.712    354.196   9.750  9.35581E-01  9.41224E-01 -5.99649E-03
    9354.436    357.920   9.800  9.33644E-01  9.40381E-01 -7.16540E-03
    9358.180    361.664   9.850  9.32253E-01  9.39538E-01 -7.75629E-03
    9361.942    365.426   9.900  9.31788E-01  9.38695E-01 -7.36084E-03
    9365.723    369.207   9.950  9.32253E-01  9.37852E-01 -5.97295E-03
    9369.524    373.008  10.000  9.33304E-01  9.37009E-01 -3.95611E-03
    9373.343    376.827  10.050  9.34165E-01  9.35947E-01 -1.90482E-03
    9377.182    380.666  10.100  9.34752E-01  9.34884E-01 -1.40871E-04
    9381.040    384.524  10.150  9.34881E-01  9.33822E-01  1.13472E-03
    9384.916    388.400  10.200  9.34618E-01  9.32759E-01  1.99359E-03
    9388.812    392.296  10.250  9.34198E-01  9.31697E-01  2.68492E-03
    9392.727    396.211  10.300  9.33854E-01  9.30634E-01  3.46091E-03
    9396.660    400.145  10.350  9.33676E-01  9.29572E-01  4.41597E-03
    9400.613    404.097  10.400  9.33540E-01  9.28509E-01  5.41910E-03
    9404.585    408.069  10.450  9.33167E-01  9.27447E-01  6.16825E-03
    9408.576    412.060  10.500  9.32252E-01  9.26384E-01  6.33454E-03
    9412.586    416.070  10.550  9.30618E-01  9.25322E-01  5.72338E-03
    9416.615    420.099  10.600  9.28304E-01  9.24260E-01  4.37575E-03
    9420.663    424.147  10.650  9.25566E-01  9.23197E-01  2.56552E-03
    9424.731    428.215  10.700  9.22780E-01  9.22135E-01  6.99228E-04
    9428.817    432.301  10.750  9.20305E-01  9.21072E-01 -8.32496E-04
    9432.922    436.406  10.800  9.18366E-01  9.20010E-01 -1.78573E-03
    9437.046    440.530  10.850  9.16994E-01  9.18947E-01 -2.12491E-03
    9441.190    444.674  10.900  9.16049E-01  9.17885E-01 -1.99933E-03
    9445.352    448.836  10.950  9.15303E-01  9.16822E-01 -1.65609E-03
    9449.534    453.018  11.000  9.14538E-01  9.15760E-01 -1.33427E-03
    9453.734    457.218  11.050  9.13628E-01  9.14749E-01 -1.22473E-03
    9457.954    461.438  11.100  9.12534E-01  9.13738E-01 -1.31713E-03
    9462.192    465.676  11.150  9.11309E-01  9.12727E-01 -1.55314E-03
    9466.450    469.934  11.200  9.10053E-01  9.11717E-01 -1.82323E-03
    9470.727    474.211  11.250  9.08863E-01  9.10706E-01 -2.02178E-03
    9475.022    478.506  11.300  9.07796E-01  9.09695E-01 -2.08487E-03
    9479.337    482.821  11.350  9.06866E-01  9.08684E-01 -1.99863E-03
    9483.671    487.155  11.400  9.06054E-01  9.07673E-01 -1.78235E-03
    9488.024    491.508  11.450  9.05335E-01  9.06662E-01 -1.46185E-03
    9492.396    495.880  11.500  9.04699E-01  9.05652E-01 -1.05028E-03
    9496.787    500.271  11.550  9.04146E-01  9.04641E-01 -5.46467E-04
    9501.197    504.681  11.600  9.03675E-01  9.03630E-01  5.02633E-05
    9505.626    509.110  11.650  9.03269E-01  9.02619E-01  7.19019E-04
    9510.074    513.558  11.700  9.02876E-01  9.01608E-01  1.40342E-03
    9514.541    518.025  11.750  9.02415E-01  9.00598E-01  2.01406E-03
    9519.028    522.512  11.800  9.01794E-01  8.99587E-01  2.44846E-03
    9523.533    527.017  11.850  9.00936E-01  8.98576E-01  2.62110E-03
    9528.057    531.541  11.900  8.99806E-01  8.97565E-01  2.49186E-03
    9532.601    536.085  11.950  8.98425E-01  8.96554E-01  2.08180E-03
    9537.163    540.647  12.000  8.96863E-01  8.95543E-01  1.47045E-03
    9541.745    545.229  12.050  8.95130E-01  8.94415E-01  7.97377E-04
    9546.345    549.829  12.100  8.93390E-01  8.93287E-01  1.15104E-04
    9550.965    554.449  12.150  8.91747E-01  8.92159E-01 -4.60798E-04
    9555.604    559.088  12.200  8.90273E-01  8.91031E-01 -8.48805E-04
    9560.261    563.745  12.250  8.88994E-01  8.89903E-01 -1.01913E-03
    9564.938    568.422  12.300  8.87888E-01  8.88775E-01 -9.96128E-04
    9569.634    573.118  12.350  8.86895E-01  8.87647E-01 -8.45634E-04
    9574.349    577.833  12.400  8.85940E-01  8.86519E-01 -6.52019E-04
    9579.083    582.567  12.450  8.84954E-01  8.85391E-01 -4.92294E-04
    9583.835    587.320  12.500  8.83895E-01  8.84263E-01 -4.15067E-04
    9588.607    592.092  12.550  8.82754E-01  8.83135E-01 -4.30108E-04
    9593.399    596.883  12.600  8.81555E-01  8.82007E-01 -5.10719E-04
    9598.209    601.693  12.650  8.80343E-01  8.80879E-01 -6.07042E-04
    9603.038    606.522  12.700  8.79164E-01  8.79751E-01 -6.65181E-04
    9607.886    611.370  12.750  8.78054E-01  8.78623E-01 -6.45576E-04
    9612.753    616.237  12.800  8.77024E-01  8.77495E-01 -5.34765E-04
    9617.640    621.124  12.850  8.76062E-01  8.76367E-01 -3.47378E-04
    9622.545    626.029  12.900  8.75135E-01  8.75239E-01 -1.18745E-04
    9627.469    630.953  12.950  8.74206E-01  8.74111E-01  1.08260E-04
    9632.413    635.897  13.000  8.73243E-01  8.72983E-01  2.96885E-04
    9637.375    640.859  13.050  8.72157E-01  8.71768E-01  4.45316E-04
    9642.357    645.841  13.100  8.71026E-01  8.70553E-01  5.41796E-04
    9647.357    650.842  13.150  8.69850E-01  8.69338E-01  5.87971E-04
    9652.377    655.861  13.200  8.68637E-01  8.68123E-01  5.91172E-04
    9657.416    660.900  13.250  8.67394E-01  8.66908E-01  5.59459E-04
    9662.474    665.958  13.300  8.66126E-01  8.65693E-01  4.98729E-04
    9667.550    671.034  13.350  8.64835E-01  8.64478E-01  4.12786E-04
    9672.646    676.130  13.400  8.63527E-01  8.63262E-01  3.05659E-04
    9677.761    681.245  13.450  8.62207E-01  8.62047E-01  1.84364E-04
    9682.895    686.379  13.500  8.60884E-01  8.60832E-01  6.01635E-05
    9688.048    691.532  13.550  8.59572E-01  8.59617E-01 -5.27907E-05
    9693.220    696.704  13.600  8.58281E-01  8.58402E-01 -1.41133E-04
    9698.411    701.895  13.650  8.57018E-01  8.57187E-01 -1.96713E-04
    9703.621    707.105  13.700  8.55784E-01  8.55972E-01 -2.19657E-04
    9708.851    712.335  13.750  8.54570E-01  8.54757E-01 -2.18444E-04
    9714.099    717.583  13.800  8.53365E-01  8.53542E-01 -2.06636E-04
    9719.366    722.850  13.850  8.52158E-01  8.52327E-01 -1.97472E-04
    9724.653    728.137  13.900  8.50943E-01  8.51112E-01 -1.98537E-04
    9729.958    733.442  13.950  8.49719E-01  8.49897E-01 -2.08829E-04
    9735.282    738.766  14.000  8.48495E-01  8.48682E-01 -2.19543E-04
    9740.626    744.110  14.050  8.47313E-01  8.47506E-01 -2.27540E-04
    9745.988    749.472  14.100  8.46149E-01  8.46330E-01 -2.13301E-04
    9751.370    754.854  14.150  8.45010E-01  8.45154E-01 -1.70159E-04
    9756.771    760.255  14.200  8.43893E-01  8.43978E-01 -9.99161E-05
    9762.190    765.674  14.250  8.42791E-01  8.42802E-01 -1.29559E-05
    9767.629    771.113  14.300  8.41689E-01  8.41626E-01  7.47942E-05
    9773.087    776.571  14.350  8.40573E-01  8.40450E-01  1.46891E-04
    9778.564    782.048  14.400  8.39435E-01  8.39273E-01  1.91498E-04
    9784.060    787.544  14.450  8.38269E-01  8.38097E-01  2.04716E-04
    9789.575    793.059  14.500  8.37082E-01  8.36921E-01  1.91007E-04
    9795.109    798.593  14.550  8.35880E-01  8.35745E-01  1.60736E-04
    9800.662    804.146  14.600  8.34674E-01  8.34569E-01  1.25972E-04
    9806.234    809.718  14.650  8.33473E-01  8.33393E-01  9.62663E-05
    9811.825    815.309  14.700  8.32280E-01  8.32217E-01  7.59564E-05
    9817.435    820.919  14.750  8.31094E-01  8.31041E-01  6.38498E-05
    9823.064    826.548  14.800  8.29911E-01  8.29865E-01  5.50678E-05
    9828.713    832.197  14.850  8.28725E-01  8.28689E-01  4.40277E-05
    9834.380    837.864  14.900  8.27535E-01  8.27513E-01  2.71965E-05
    9840.066    843.551  14.950  8.26340E-01  8.26336E-01  4.52567E-06
    9845.772    849.256  15.000  8.25143E-01  8.25160E-01 -2.08262E-05
