# # Cu                                                           FEFF 9.6.4  
# # POT  SCF 100  4.0000   0, core-hole, AFOLP (folp(0)= 1.150)
# # Abs   Z=29 Rmt= 1.437 Rnm= 1.489 K  shell
# # Pot 1 Z=29 Rmt= 1.344 Rnm= 1.381
# # Gam_ch=1.729E+00 H-L exch Vi= 0.000E+00 Vr= 0.000E+00
# # Mu=-7.990E+00 kf=1.994E+00 Vint=-1.742E+01 Rs_int= 1.819
# # PATH  Rmax= 8.000,  Keep_limit= 0.00, Heap_limit 0.00  Pwcrit= 2.50%
#  S02=1.000  Temp= 450.00  Debye_temp= 315.00  Global_sig2= 0.00000
#  Energy zero shift, vr, vi    0.00000E+00   0.00000E+00
#  Curved wave amplitude ratio filter   4.000%
#     file         sig2 tot  cw amp ratio   deg  nlegs   reff  inp sig2
#           1       0.01186    100.00     12.00     2   2.5323
#           2       0.01638     22.99      6.00     2   3.5812
#           3       0.01119     10.61     48.00     3   3.7984
#           4       0.01433      7.52     48.00     3   4.3229
#           5       0.01536     55.07     24.00     2   4.3860
#           6       0.01453     11.25     48.00     3   4.7253
#           7       0.01447     17.45     96.00     3   4.7253
#           8       0.01475     18.67     12.00     2   5.0645
#           9       0.01531      8.74     12.00     3   5.0646
#          10       0.01475     39.86     24.00     3   5.0645
#          11       0.01531      9.74     12.00     4   5.0646
#          12       0.06105      4.05     12.00     4   5.0646
#          14       0.01475     31.90     12.00     4   5.0645
#          16       0.01555     27.24     24.00     2   5.6623
#          17       0.01645      8.94     48.00     3   5.8879
#          18       0.01553      5.83     48.00     3   5.8879
#          19       0.01562      6.34     48.00     3   5.8879
#          20       0.01456      4.31     96.00     3   5.9914
#          21       0.01476      4.97     96.00     3   5.9914
#          22       0.01476      4.66     96.00     4   5.9914
#          23       0.01456      4.81     96.00     4   5.9914
#          25       0.01504      6.95      8.00     2   6.2028
#          26       0.01510      5.01     96.00     3   6.2903
#    23/  24 paths used
#  xsedge+50, used to normalize mu           2.4644E-04
#  -----------------------------------------------------------------------
#  omega    e    k    mu    mu0     chi     @#
    8988.525     -7.990   0.000  3.57777E-01  4.28541E-01 -8.75528E-02
    8988.535     -7.981   0.050  3.62863E-01  4.34422E-01 -8.84312E-02
    8988.564     -7.952   0.100  3.67918E-01  4.40304E-01 -8.93449E-02
    8988.611     -7.905   0.150  3.82929E-01  4.57952E-01 -9.22740E-02
    8988.678     -7.838   0.200  3.97685E-01  4.75600E-01 -9.54948E-02
    8988.764     -7.752   0.250  4.20182E-01  5.03397E-01 -1.01419E-01
    8988.868     -7.648   0.300  4.42047E-01  5.31195E-01 -1.08043E-01
    8988.992     -7.524   0.350  4.66169E-01  5.64419E-01 -1.18194E-01
    8989.135     -7.381   0.400  4.89298E-01  5.97643E-01 -1.29382E-01
    8989.297     -7.219   0.450  5.07757E-01  6.30008E-01 -1.44708E-01
    8989.478     -7.038   0.500  5.25085E-01  6.62373E-01 -1.61095E-01
    8989.678     -6.838   0.550  5.33934E-01  6.90219E-01 -1.81622E-01
    8989.897     -6.619   0.600  5.41997E-01  7.18065E-01 -2.02662E-01
    8990.135     -6.381   0.650  5.41929E-01  7.41021E-01 -2.26869E-01
    8990.392     -6.124   0.700  5.42146E-01  7.63976E-01 -2.50275E-01
    8990.669     -5.847   0.750  5.37066E-01  7.82949E-01 -2.74646E-01
    8990.964     -5.552   0.800  5.34177E-01  8.01923E-01 -2.96113E-01
    8991.278     -5.238   0.850  5.30165E-01  8.17854E-01 -3.15156E-01
    8991.612     -4.904   0.900  5.30864E-01  8.33785E-01 -3.28730E-01
    8991.964     -4.552   0.950  5.34845E-01  8.47282E-01 -3.36112E-01
    8992.335     -4.180   1.000  5.45922E-01  8.60778E-01 -3.35798E-01
    8992.726     -3.790   1.050  5.64151E-01  8.72235E-01 -3.26077E-01
    8993.136     -3.380   1.100  5.90691E-01  8.83692E-01 -3.07773E-01
    8993.564     -2.952   1.150  6.26013E-01  8.93306E-01 -2.78973E-01
    8994.012     -2.504   1.200  6.68747E-01  9.02920E-01 -2.42853E-01
    8994.479     -2.037   1.250  7.18984E-01  9.10841E-01 -1.97957E-01
    8994.964     -1.552   1.300  7.73452E-01  9.18763E-01 -1.49172E-01
    8995.469     -1.047   1.350  8.31444E-01  9.25116E-01 -9.58002E-02
    8995.993     -0.523   1.400  8.89036E-01  9.31469E-01 -4.32342E-02
    8996.536      0.020   1.450  9.44904E-01  9.36359E-01  8.68512E-03
    8997.098      0.582   1.500  9.95733E-01  9.41248E-01  5.52370E-02
    8997.679      1.163   1.550  1.04009E+00  9.44842E-01  9.64367E-02
    8998.279      1.763   1.600  1.07593E+00  9.48437E-01  1.28915E-01
    8998.898      2.382   1.650  1.10267E+00  9.50884E-01  1.53437E-01
    8999.536      3.020   1.700  1.11858E+00  9.53332E-01  1.66993E-01
    9000.194      3.678   1.750  1.12496E+00  9.54799E-01  1.72062E-01
    9000.870      4.354   1.800  1.12196E+00  9.56266E-01  1.67642E-01
    9001.565      5.049   1.850  1.11106E+00  9.56918E-01  1.56151E-01
    9002.280      5.764   1.900  1.09489E+00  9.57570E-01  1.39284E-01
    9003.013      6.497   1.950  1.07527E+00  9.57468E-01  1.19699E-01
    9003.765      7.250   2.000  1.05639E+00  9.57367E-01  1.00799E-01
    9004.537      8.021   2.050  1.03937E+00  9.56581E-01  8.44814E-02
    9005.328      8.812   2.100  1.02835E+00  9.55796E-01  7.42182E-02
    9006.137      9.621   2.150  1.02379E+00  9.55010E-01  7.05205E-02
    9006.966     10.450   2.200  1.02457E+00  9.54225E-01  7.23035E-02
    9007.814     11.298   2.250  1.03324E+00  9.55923E-01  7.96803E-02
    9008.680     12.164   2.300  1.04080E+00  9.57621E-01  8.59513E-02
    9009.566     13.050   2.350  1.04293E+00  9.59320E-01  8.66317E-02
    9010.471     13.955   2.400  1.03699E+00  9.61018E-01  7.89261E-02
    9011.395     14.879   2.450  1.02561E+00  9.64316E-01  6.37076E-02
    9012.338     15.822   2.500  1.00647E+00  9.67615E-01  4.04061E-02
    9013.300     16.784   2.550  9.82898E-01  9.70913E-01  1.24685E-02
    9014.281     17.765   2.600  9.59694E-01  9.74211E-01 -1.51092E-02
    9015.281     18.765   2.650  9.39102E-01  9.75014E-01 -3.73686E-02
    9016.300     19.784   2.700  9.22630E-01  9.75816E-01 -5.53331E-02
    9017.338     20.823   2.750  9.12114E-01  9.76619E-01 -6.70935E-02
    9018.396     21.880   2.800  9.08602E-01  9.77422E-01 -7.15663E-02
    9019.472     22.956   2.850  9.09037E-01  9.78549E-01 -7.21461E-02
    9020.567     24.052   2.900  9.16316E-01  9.79677E-01 -6.56329E-02
    9021.682     25.166   2.950  9.29214E-01  9.80804E-01 -5.33366E-02
    9022.815     26.299   3.000  9.45849E-01  9.81931E-01 -3.72315E-02
    9023.968     27.452   3.050  9.64041E-01  9.83005E-01 -1.95191E-02
    9025.139     28.624   3.100  9.83150E-01  9.84078E-01 -9.52643E-04
    9026.330     29.814   3.150  1.00085E+00  9.85152E-01  1.60753E-02
    9027.540     31.024   3.200  1.01502E+00  9.86225E-01  2.94202E-02
    9028.768     32.253   3.250  1.02767E+00  9.87490E-01  4.09475E-02
    9030.016     33.500   3.300  1.03551E+00  9.88754E-01  4.75248E-02
    9031.283     34.767   3.350  1.03761E+00  9.90019E-01  4.82472E-02
    9032.569     36.053   3.400  1.03387E+00  9.91284E-01  4.30621E-02
    9033.874     37.358   3.450  1.02755E+00  9.92632E-01  3.52241E-02
    9035.198     38.682   3.500  1.01674E+00  9.93980E-01  2.28959E-02
    9036.541     40.025   3.550  1.00286E+00  9.95328E-01  7.55677E-03
    9037.903     41.387   3.600  9.87779E-01  9.96676E-01 -8.90618E-03
    9039.284     42.768   3.650  9.73695E-01  9.98021E-01 -2.42951E-02
    9040.684     44.168   3.700  9.61402E-01  9.99367E-01 -3.78302E-02
    9042.103     45.587   3.750  9.52457E-01  1.00071E+00 -4.79754E-02
    9043.542     47.026   3.800  9.47918E-01  1.00206E+00 -5.37033E-02
    9044.999     48.483   3.850  9.47766E-01  1.00327E+00 -5.49507E-02
    9046.475     49.959   3.900  9.52013E-01  1.00449E+00 -5.18468E-02
    9047.971     51.455   3.950  9.59715E-01  1.00571E+00 -4.53496E-02
    9049.485     52.969   4.000  9.69448E-01  1.00692E+00 -3.68784E-02
    9051.019     54.503   4.050  9.79910E-01  1.00787E+00 -2.74783E-02
    9052.571     56.055   4.100  9.89464E-01  1.00882E+00 -1.89948E-02
    9054.143     57.627   4.150  9.96994E-01  1.00977E+00 -1.25190E-02
    9055.734     59.218   4.200  1.00201E+00  1.01072E+00 -8.51835E-03
    9057.343     60.827   4.250  1.00493E+00  1.01138E+00 -6.30828E-03
    9058.972     62.456   4.300  1.00640E+00  1.01204E+00 -5.50699E-03
    9060.620     64.104   4.350  1.00771E+00  1.01270E+00 -4.87028E-03
    9062.287     65.771   4.400  1.01027E+00  1.01336E+00 -3.01577E-03
    9063.973     67.457   4.450  1.01486E+00  1.01360E+00  1.22848E-03
    9065.678     69.162   4.500  1.02225E+00  1.01383E+00  8.21184E-03
    9067.402     70.886   4.550  1.03240E+00  1.01406E+00  1.78625E-02
    9069.145     72.629   4.600  1.04449E+00  1.01429E+00  2.94088E-02
    9070.907     74.391   4.650  1.05623E+00  1.01411E+00  4.10125E-02
    9072.688     76.172   4.700  1.06660E+00  1.01393E+00  5.12913E-02
    9074.488     77.972   4.750  1.07403E+00  1.01375E+00  5.87069E-02
    9076.308     79.792   4.800  1.07730E+00  1.01357E+00  6.20711E-02
    9078.146     81.630   4.850  1.07528E+00  1.01320E+00  6.05021E-02
    9080.003     83.487   4.900  1.06884E+00  1.01283E+00  5.46087E-02
    9081.880     85.364   4.950  1.05875E+00  1.01246E+00  4.51624E-02
    9083.775     87.259   5.000  1.04625E+00  1.01209E+00  3.33465E-02
    9085.690     89.174   5.050  1.03242E+00  1.01138E+00  2.05510E-02
    9087.623     91.107   5.100  1.01891E+00  1.01067E+00  8.05281E-03
    9089.576     93.060   5.150  1.00654E+00  1.00997E+00 -3.35535E-03
    9091.547     95.032   5.200  9.95637E-01  1.00926E+00 -1.33318E-02
    9093.538     97.022   5.250  9.86047E-01  1.00841E+00 -2.18920E-02
    9095.548     99.032   5.300  9.77456E-01  1.00755E+00 -2.94844E-02
    9097.577    101.061   5.350  9.69455E-01  1.00669E+00 -3.65083E-02
    9099.625    103.109   5.400  9.61833E-01  1.00584E+00 -4.31691E-02
    9101.692    105.176   5.450  9.54990E-01  1.00514E+00 -4.92354E-02
    9103.777    107.262   5.500  9.49215E-01  1.00445E+00 -5.42599E-02
    9105.883    109.367   5.550  9.45321E-01  1.00376E+00 -5.74419E-02
    9108.007    111.491   5.600  9.44190E-01  1.00306E+00 -5.79108E-02
    9110.150    113.634   5.650  9.46670E-01  1.00240E+00 -5.48445E-02
    9112.312    115.796   5.700  9.52856E-01  1.00173E+00 -4.81260E-02
    9114.493    117.977   5.750  9.62425E-01  1.00106E+00 -3.80670E-02
    9116.693    120.177   5.800  9.74494E-01  1.00040E+00 -2.55320E-02
    9118.913    122.397   5.850  9.87857E-01  9.99806E-01 -1.17833E-02
    9121.151    124.635   5.900  1.00095E+00  9.99216E-01  1.71507E-03
    9123.408    126.893   5.950  1.01256E+00  9.98627E-01  1.37535E-02
    9125.685    129.169   6.000  1.02191E+00  9.98037E-01  2.35708E-02
    9127.980    131.465   6.050  1.02912E+00  9.97746E-01  3.09825E-02
    9130.295    133.779   6.100  1.03433E+00  9.97455E-01  3.64229E-02
    9132.629    136.113   6.150  1.03830E+00  9.97164E-01  4.06434E-02
    9134.981    138.465   6.200  1.04182E+00  9.96874E-01  4.44163E-02
    9137.353    140.837   6.250  1.04535E+00  9.96583E-01  4.82029E-02
    9139.744    143.228   6.300  1.04880E+00  9.96292E-01  5.19073E-02
    9142.154    145.638   6.350  1.05141E+00  9.96001E-01  5.47969E-02
    9144.582    148.067   6.400  1.05195E+00  9.95710E-01  5.56285E-02
    9147.030    150.514   6.450  1.04895E+00  9.95419E-01  5.29596E-02
    9149.497    152.981   6.500  1.04118E+00  9.95129E-01  4.55732E-02
    9151.983    155.467   6.550  1.02776E+00  9.94837E-01  3.25897E-02
    9154.488    157.973   6.600  1.00935E+00  9.94545E-01  1.46595E-02
    9157.012    160.497   6.650  9.87615E-01  9.94253E-01 -6.57703E-03
    9159.556    163.040   6.700  9.65141E-01  9.93961E-01 -2.85677E-02
    9162.118    165.602   6.750  9.44962E-01  9.93669E-01 -4.83008E-02
    9164.699    168.183   6.800  9.29973E-01  9.93377E-01 -6.29018E-02
    9167.299    170.784   6.850  9.22321E-01  9.93085E-01 -7.02344E-02
    9169.919    173.403   6.900  9.22937E-01  9.92793E-01 -6.93623E-02
    9172.557    176.041   6.950  9.31335E-01  9.92501E-01 -6.07598E-02
    9175.215    178.699   7.000  9.45701E-01  9.92209E-01 -4.62192E-02
    9177.891    181.375   7.050  9.62961E-01  9.91507E-01 -2.83982E-02
    9180.587    184.071   7.100  9.80231E-01  9.90806E-01 -1.05309E-02
    9183.301    186.786   7.150  9.94620E-01  9.90104E-01  4.50224E-03
    9186.035    189.519   7.200  1.00412E+00  9.89402E-01  1.46905E-02
    9188.788    192.272   7.250  1.00796E+00  9.88701E-01  1.92370E-02
    9191.560    195.044   7.300  1.00661E+00  9.87999E-01  1.86156E-02
    9194.350    197.834   7.350  1.00163E+00  9.87297E-01  1.43438E-02
    9197.160    200.644   7.400  9.95122E-01  9.86595E-01  8.54402E-03
    9199.989    203.473   7.450  9.89290E-01  9.85894E-01  3.40696E-03
    9202.837    206.321   7.500  9.85874E-01  9.85192E-01  6.85113E-04
    9205.704    209.188   7.550  9.85468E-01  9.84038E-01  1.43903E-03
    9208.590    212.074   7.600  9.88403E-01  9.82883E-01  5.56019E-03
    9211.495    214.979   7.650  9.93753E-01  9.81729E-01  1.21311E-02
    9214.419    217.904   7.700  9.99992E-01  9.80575E-01  1.96201E-02
    9217.363    220.847   7.750  1.00538E+00  9.79420E-01  2.62716E-02
    9220.325    223.809   7.800  1.00837E+00  9.78266E-01  3.05114E-02
    9223.306    226.790   7.850  1.00792E+00  9.77112E-01  3.12774E-02
    9226.307    229.791   7.900  1.00370E+00  9.75957E-01  2.82107E-02
    9229.326    232.810   7.950  9.96094E-01  9.74803E-01  2.16827E-02
    9232.364    235.849   8.000  9.86069E-01  9.73649E-01  1.26688E-02
    9235.422    238.906   8.050  9.74991E-01  9.72519E-01  2.52478E-03
    9238.499    241.983   8.100  9.64160E-01  9.71390E-01 -7.39555E-03
    9241.594    245.078   8.150  9.54793E-01  9.70260E-01 -1.58440E-02
    9244.709    248.193   8.200  9.47742E-01  9.69131E-01 -2.19417E-02
    9247.843    251.327   8.250  9.43392E-01  9.68001E-01 -2.52815E-02
    9250.995    254.479   8.300  9.41670E-01  9.66872E-01 -2.59280E-02
    9254.167    257.651   8.350  9.42130E-01  9.65743E-01 -2.43276E-02
    9257.358    260.842   8.400  9.44104E-01  9.64613E-01 -2.11605E-02
    9260.568    264.052   8.450  9.46864E-01  9.63484E-01 -1.71726E-02
    9263.797    267.281   8.500  9.49768E-01  9.62354E-01 -1.30235E-02
    9267.045    270.529   8.550  9.52502E-01  9.61428E-01 -9.24769E-03
    9270.312    273.796   8.600  9.54748E-01  9.60502E-01 -5.96763E-03
    9273.598    277.082   8.650  9.56499E-01  9.59575E-01 -3.19535E-03
    9276.903    280.387   8.700  9.57893E-01  9.58649E-01 -7.86647E-04
    9280.227    283.712   8.750  9.59132E-01  9.57723E-01  1.46650E-03
    9283.571    287.055   8.800  9.60385E-01  9.56797E-01  3.74007E-03
    9286.933    290.417   8.850  9.61719E-01  9.55870E-01  6.10371E-03
    9290.314    293.798   8.900  9.63066E-01  9.54944E-01  8.48601E-03
    9293.715    297.199   8.950  9.64233E-01  9.54018E-01  1.06861E-02
    9297.134    300.618   9.000  9.64956E-01  9.53092E-01  1.24259E-02
    9300.573    304.057   9.050  9.65276E-01  9.52326E-01  1.35764E-02
    9304.030    307.514   9.100  9.64701E-01  9.51561E-01  1.37892E-02
    9307.507    310.991   9.150  9.63128E-01  9.50796E-01  1.29545E-02
    9311.003    314.487   9.200  9.60613E-01  9.50030E-01  1.11275E-02
    9314.517    318.001   9.250  9.57363E-01  9.49265E-01  8.52281E-03
    9318.051    321.535   9.300  9.53691E-01  9.48500E-01  5.46947E-03
    9321.604    325.088   9.350  9.49954E-01  9.47734E-01  2.34032E-03
    9325.176    328.660   9.400  9.46473E-01  9.46969E-01 -5.23883E-04
    9328.767    332.251   9.450  9.43482E-01  9.46204E-01 -2.87597E-03
    9332.377    335.861   9.500  9.41094E-01  9.45438E-01 -4.59505E-03
    9336.006    339.490   9.550  9.39164E-01  9.44595E-01 -5.74946E-03
    9339.654    343.138   9.600  9.37744E-01  9.43752E-01 -6.36691E-03
    9343.321    346.805   9.650  9.36691E-01  9.42909E-01 -6.59543E-03
    9347.007    350.491   9.700  9.35857E-01  9.42067E-01 -6.59256E-03
    9350.712    354.196   9.750  9.35128E-01  9.41224E-01 -6.47777E-03
    9354.436    357.920   9.800  9.34454E-01  9.40381E-01 -6.30409E-03
    9358.180    361.664   9.850  9.33851E-01  9.39538E-01 -6.05492E-03
    9361.942    365.426   9.900  9.33380E-01  9.38695E-01 -5.66402E-03
    9365.723    369.208   9.950  9.33118E-01  9.37852E-01 -5.05018E-03
    9369.524    373.008  10.000  9.33118E-01  9.37009E-01 -4.15439E-03
    9373.343    376.828  10.050  9.33107E-01  9.35947E-01 -3.03563E-03
    9377.182    380.666  10.100  9.33359E-01  9.34884E-01 -1.63171E-03
    9381.040    384.524  10.150  9.33800E-01  9.33822E-01 -2.27069E-05
    9384.916    388.400  10.200  9.34309E-01  9.32759E-01  1.66166E-03
    9388.812    392.296  10.250  9.34736E-01  9.31697E-01  3.26262E-03
    9392.727    396.211  10.300  9.34932E-01  9.30634E-01  4.61901E-03
    9396.660    400.145  10.350  9.34771E-01  9.29572E-01  5.59388E-03
    9400.613    404.097  10.400  9.34168E-01  9.28509E-01  6.09570E-03
    9404.585    408.069  10.450  9.33095E-01  9.27447E-01  6.09089E-03
    9408.576    412.060  10.500  9.31578E-01  9.26384E-01  5.60640E-03
    9412.586    416.070  10.550  9.29693E-01  9.25322E-01  4.72332E-03
    9416.615    420.099  10.600  9.27553E-01  9.24260E-01  3.56331E-03
    9420.663    424.148  10.650  9.25293E-01  9.23197E-01  2.27058E-03
    9424.731    428.215  10.700  9.23050E-01  9.22135E-01  9.92001E-04
    9428.817    432.301  10.750  9.20941E-01  9.21072E-01 -1.42414E-04
    9432.922    436.406  10.800  9.19056E-01  9.20010E-01 -1.03607E-03
    9437.046    440.530  10.850  9.17442E-01  9.18947E-01 -1.63738E-03
    9441.190    444.674  10.900  9.16100E-01  9.17885E-01 -1.94436E-03
    9445.352    448.836  10.950  9.14987E-01  9.16822E-01 -2.00095E-03
    9449.534    453.018  11.000  9.14033E-01  9.15760E-01 -1.88500E-03
    9453.734    457.218  11.050  9.13161E-01  9.14749E-01 -1.73557E-03
    9457.954    461.438  11.100  9.12296E-01  9.13738E-01 -1.57716E-03
    9462.192    465.676  11.150  9.11375E-01  9.12727E-01 -1.48044E-03
    9466.450    469.934  11.200  9.10362E-01  9.11717E-01 -1.48480E-03
    9470.727    474.211  11.250  9.09258E-01  9.10706E-01 -1.58802E-03
    9475.022    478.506  11.300  9.08105E-01  9.09695E-01 -1.74598E-03
    9479.337    482.821  11.350  9.06971E-01  9.08684E-01 -1.88311E-03
    9483.671    487.155  11.400  9.05936E-01  9.07673E-01 -1.91163E-03
    9488.024    491.508  11.450  9.05069E-01  9.06662E-01 -1.75515E-03
    9492.396    495.880  11.500  9.04409E-01  9.05652E-01 -1.37070E-03
    9496.787    500.271  11.550  9.03949E-01  9.04641E-01 -7.63519E-04
    9501.197    504.681  11.600  9.03639E-01  9.03630E-01  9.54078E-06
    9505.626    509.110  11.650  9.03387E-01  9.02619E-01  8.49284E-04
    9510.074    513.558  11.700  9.03084E-01  9.01608E-01  1.63407E-03
    9514.541    518.026  11.750  9.02624E-01  9.00598E-01  2.24559E-03
    9519.028    522.512  11.800  9.01925E-01  8.99587E-01  2.59424E-03
    9523.533    527.017  11.850  9.00951E-01  8.98576E-01  2.63781E-03
    9528.057    531.541  11.900  8.99714E-01  8.97565E-01  2.38914E-03
    9532.601    536.085  11.950  8.98271E-01  8.96554E-01  1.91112E-03
    9537.163    540.647  12.000  8.96711E-01  8.95543E-01  1.30076E-03
    9541.745    545.229  12.050  8.95033E-01  8.94415E-01  6.89070E-04
    9546.345    549.829  12.100  8.93380E-01  8.93287E-01  1.03967E-04
    9550.965    554.449  12.150  8.91821E-01  8.92159E-01 -3.78586E-04
    9555.604    559.088  12.200  8.90396E-01  8.91031E-01 -7.11722E-04
    9560.261    563.745  12.250  8.89115E-01  8.89903E-01 -8.83075E-04
    9564.938    568.422  12.300  8.87962E-01  8.88775E-01 -9.12255E-04
    9569.634    573.118  12.350  8.86898E-01  8.87647E-01 -8.41731E-04
    9574.349    577.833  12.400  8.85876E-01  8.86519E-01 -7.23857E-04
    9579.083    582.567  12.450  8.84852E-01  8.85391E-01 -6.07412E-04
    9583.835    587.320  12.500  8.83796E-01  8.84263E-01 -5.26794E-04
    9588.607    592.092  12.550  8.82696E-01  8.83135E-01 -4.96063E-04
    9593.399    596.883  12.600  8.81557E-01  8.82007E-01 -5.08672E-04
    9598.209    601.693  12.650  8.80400E-01  8.80879E-01 -5.42292E-04
    9603.038    606.522  12.700  8.79251E-01  8.79751E-01 -5.66991E-04
    9607.886    611.370  12.750  8.78134E-01  8.78623E-01 -5.54467E-04
    9612.753    616.237  12.800  8.77067E-01  8.77495E-01 -4.85967E-04
    9617.640    621.124  12.850  8.76053E-01  8.76367E-01 -3.57123E-04
    9622.545    626.029  12.900  8.75082E-01  8.75239E-01 -1.78813E-04
    9627.469    630.953  12.950  8.74133E-01  8.74111E-01  2.58165E-05
    9632.413    635.897  13.000  8.73182E-01  8.72983E-01  2.27134E-04
    9637.375    640.859  13.050  8.72129E-01  8.71768E-01  4.13539E-04
    9642.357    645.841  13.100  8.71040E-01  8.70553E-01  5.58532E-04
    9647.357    650.842  13.150  8.69899E-01  8.69338E-01  6.44129E-04
    9652.377    655.861  13.200  8.68699E-01  8.68123E-01  6.62535E-04
    9657.416    660.900  13.250  8.67444E-01  8.66908E-01  6.17016E-04
    9662.474    665.958  13.300  8.66144E-01  8.65693E-01  5.20477E-04
    9667.550    671.034  13.350  8.64818E-01  8.64478E-01  3.92182E-04
    9672.646    676.130  13.400  8.63482E-01  8.63262E-01  2.53443E-04
    9677.761    681.245  13.450  8.62154E-01  8.62047E-01  1.23309E-04
    9682.895    686.379  13.500  8.60846E-01  8.60832E-01  1.52043E-05
    9688.048    691.532  13.550  8.59562E-01  8.59617E-01 -6.47873E-05
    9693.220    696.704  13.600  8.58301E-01  8.58402E-01 -1.17732E-04
    9698.411    701.895  13.650  8.57058E-01  8.57187E-01 -1.49976E-04
    9703.621    707.106  13.700  8.55826E-01  8.55972E-01 -1.70232E-04
    9708.851    712.335  13.750  8.54597E-01  8.54757E-01 -1.86465E-04
    9714.099    717.583  13.800  8.53368E-01  8.53542E-01 -2.03453E-04
    9719.366    722.850  13.850  8.52138E-01  8.52327E-01 -2.21640E-04
    9724.653    728.137  13.900  8.50909E-01  8.51112E-01 -2.37481E-04
    9729.958    733.442  13.950  8.49688E-01  8.49897E-01 -2.45101E-04
    9735.282    738.766  14.000  8.48479E-01  8.48682E-01 -2.38631E-04
    9740.626    744.110  14.050  8.47316E-01  8.47506E-01 -2.24151E-04
    9745.988    749.473  14.100  8.46169E-01  8.46330E-01 -1.90107E-04
    9751.370    754.854  14.150  8.45037E-01  8.45154E-01 -1.37679E-04
    9756.771    760.255  14.200  8.43917E-01  8.43978E-01 -7.17931E-05
    9762.190    765.674  14.250  8.42802E-01  8.42802E-01 -2.12447E-07
    9767.629    771.113  14.300  8.41683E-01  8.41626E-01  6.80894E-05
    9773.087    776.571  14.350  8.40555E-01  8.40450E-01  1.24838E-04
    9778.564    782.048  14.400  8.39412E-01  8.39273E-01  1.64134E-04
    9784.060    787.544  14.450  8.38252E-01  8.38097E-01  1.83483E-04
    9789.575    793.059  14.500  8.37076E-01  8.36921E-01  1.83944E-04
    9795.109    798.593  14.550  8.35887E-01  8.35745E-01  1.69443E-04
    9800.662    804.146  14.600  8.34691E-01  8.34569E-01  1.45483E-04
    9806.234    809.718  14.650  8.33491E-01  8.33393E-01  1.17666E-04
    9811.825    815.309  14.700  8.32292E-01  8.32217E-01  9.04373E-05
    9817.435    820.919  14.750  8.31096E-01  8.31041E-01  6.63459E-05
    9823.064    826.549  14.800  8.29903E-01  8.29865E-01  4.59733E-05
    9828.713    832.197  14.850  8.28712E-01  8.28689E-01  2.84346E-05
    9834.380    837.864  14.900  8.27523E-01  8.27513E-01  1.22244E-05
    9840.066    843.551  14.950  8.26333E-01  8.26336E-01 -3.90739E-06
    9845.772    849.256  15.000  8.25144E-01  8.25160E-01 -2.03304E-05
