# # Cu                                                           FEFF 10.0.0 
# # POT  SCF 100  4.0000   0, screened core-hole, AFOLP (folp(0)= 1.150)
# # Abs   Z=29 Rmt= 1.362 Rnm= 1.399 K  shell
# # Pot 1 Z=29 Rmt= 1.362 Rnm= 1.399
# # Gam_ch=1.729E+00 H-L exch Vi= 0.000E+00 Vr= 0.000E+00
# # Mu=-7.730E+00eV kf=1.989E+00 Vint=-1.660E+01eV Rs_int= 1.823
# FMS rfms= 4.0000
# # PATH  Rmax=-1.000,  Keep_limit= 0.00, Heap_limit 0.00  Pwcrit= 2.50%
#  S02=1.000  Temp=   0.00  Debye_temp=   0.00  Global_sig2= 0.00000
#  Energy zero shift, vr, vi    0.00000E+00   0.00000E+00
#  Curved wave amplitude ratio filter   4.000%
#     file         sig2 tot  cw amp ratio   deg  nlegs   reff  inp sig2
#     0/   0 paths used
#  xsedge+ 50, used to normalize mu           1.2667E-04
#  -----------------------------------------------------------------------
#  omega    e    k    mu    mu0     chi     @#
      8956.1761042997      -40.0000000000       -2.9103214670    9.1623210102E-02    9.1027126996E-02    5.9608310533E-04
      8956.6084017997      -39.5677025000       -2.8907621122    7.5951585497E-02    7.5342977191E-02    6.0860830616E-04
      8957.0406992997      -39.1354050000       -2.8710696594    6.2484027303E-02    6.1861942504E-02    6.2208479898E-04
      8957.4729967997      -38.7031075000       -2.8512413507    5.1660953283E-02    5.1023599738E-02    6.3735354488E-04
      8957.9052942997      -38.2708100000       -2.8312740312    4.3299864844E-02    4.2645150816E-02    6.5471402836E-04
      8958.3375917997      -37.8385125000       -2.8111648901    3.6882316939E-02    3.6208161889E-02    6.7415505030E-04
      8958.7698892997      -37.4062150000       -2.7909110143    3.1920280638E-02    3.1224642955E-02    6.9563768306E-04
      8959.2021867997      -36.9739175000       -2.7705089225    2.8042561986E-02    2.7323529410E-02    7.1903257559E-04
      8959.6344842997      -36.5416200000       -2.7499554704    2.4969908531E-02    2.4225529591E-02    7.4437894037E-04
      8960.0667817997      -36.1093225000       -2.7292473944    2.2510985523E-02    2.1739302801E-02    7.7168272129E-04
      8960.4990792997      -35.6770250000       -2.7083806764    2.0488080650E-02    1.9687078937E-02    8.0100171219E-04
      8960.9313767997      -35.2447275000       -2.6873522544    1.8829516056E-02    1.7997120607E-02    8.3239544876E-04
      8961.3636742997      -34.8124300000       -2.6661578233    1.7450929263E-02    1.6584944538E-02    8.6598472497E-04
      8961.7959717997      -34.3801325000       -2.6447936335    1.6279040675E-02    1.5377105726E-02    9.0193494878E-04
      8962.2282692997      -33.9478350000       -2.6232555374    1.5294158714E-02    1.4353773327E-02    9.4038538664E-04
      8962.6605667997      -33.5155375000       -2.6015389703    1.4468362188E-02    1.3486717007E-02    9.8164518123E-04
      8963.0928642997      -33.0832400000       -2.5796395074    1.3758772826E-02    1.2732961505E-02    1.0258113207E-03
      8963.5251617997      -32.6509425000       -2.5575527000    1.3160540754E-02    1.2087399855E-02    1.0731408982E-03
      8963.9574592997      -32.2186450000       -2.5352734000    1.2661248321E-02    1.1537242981E-02    1.1240053397E-03
      8964.3897567997      -31.7863475000       -2.5127965720    1.2251847499E-02    1.1073149546E-02    1.1786979530E-03
      8964.8220542997      -31.3540500000       -2.4901169526    1.1897872834E-02    1.0660276276E-02    1.2375965581E-03
      8965.2543517997      -30.9217525000       -2.4672287768    1.1609674727E-02    1.0308560558E-02    1.3011141691E-03
      8965.6866492997      -30.4894550000       -2.4441264468    1.1383995068E-02    1.0014269918E-02    1.3697251491E-03
      8966.1189467997      -30.0571575000       -2.4208034797    1.1216900349E-02    9.7729215395E-03    1.4439788093E-03
      8966.5512442997      -29.6248600000       -2.3972536134    1.1098328718E-02    9.5737800941E-03    1.5245486235E-03
      8966.9835417997      -29.1925625000       -2.3734702732    1.1014164480E-02    9.4020698008E-03    1.6120946796E-03
      8967.4158392997      -28.7602650000       -2.3494460065    1.0977865592E-02    9.2704029340E-03    1.7074626578E-03
      8967.8481367997      -28.3279675000       -2.3251735284    1.1005944842E-02    9.1943598247E-03    1.8115850177E-03
      8968.2804342997      -27.8956700000       -2.3006451677    1.1065220284E-02    9.1396375850E-03    1.9255826990E-03
      8968.7127317997      -27.4633725000       -2.2758522771    1.1175076898E-02    9.1243780527E-03    2.0506988454E-03
      8969.1450292997      -27.0310750000       -2.2507863987    1.1329995983E-02    9.1415787347E-03    2.1884172486E-03
      8969.5773267997      -26.5987775000       -2.2254380213    1.1544586987E-02    9.2039926503E-03    2.3405943362E-03
      8970.0096242997      -26.1664800000       -2.1997976693    1.1810814837E-02    9.3016316973E-03    2.5091831392E-03
      8970.4419217997      -25.7341825000       -2.1738550115    1.2121218200E-02    9.4246075741E-03    2.6966106257E-03
      8970.8742192997      -25.3018850000       -2.1475989934    1.2514526666E-02    9.6085634470E-03    2.9059632191E-03
      8971.3065167997      -24.8695875000       -2.1210179777    1.2962669749E-02    9.8220491510E-03    3.1406205979E-03
      8971.7388142997      -24.4372900000       -2.0940993853    1.3475747306E-02    1.0070744207E-02    3.4050030988E-03
      8972.1711117997      -24.0049925000       -2.0668305413    1.4086842006E-02    1.0382529004E-02    3.7043130027E-03
      8972.6034092997      -23.5726950000       -2.0391967684    1.4816652751E-02    1.0771646823E-02    4.0450059288E-03
      8973.0357067997      -23.1403975000       -2.0111836592    1.5645803284E-02    1.1210884016E-02    4.4349192685E-03
      8973.4680042997      -22.7081000000       -1.9827744917    1.6599875786E-02    1.1715425288E-02    4.8844504978E-03
      8973.9003017997      -22.2758025000       -1.9539526442    1.7723277352E-02    1.2316864402E-02    5.4064129500E-03
      8974.3325992997      -21.8435050000       -1.9246989140    1.9026667108E-02    1.3008622672E-02    6.0180444364E-03
      8974.7648967997      -21.4112075000       -1.8949939738    2.0561411725E-02    1.3820113390E-02    6.7412983354E-03
      8975.1971942997      -20.9789100000       -1.8648156336    2.2381289067E-02    1.4776155278E-02    7.6051337894E-03
      8975.6294917997      -20.5466125000       -1.8341409323    2.4560824623E-02    1.5910000580E-02    8.6508240436E-03
      8976.0617892997      -20.1143150000       -1.8029444764    2.7215169001E-02    1.7279233233E-02    9.9359357685E-03
      8976.4940867997      -19.6820175000       -1.7711985164    3.0446589312E-02    1.8902977577E-02    1.1543611735E-02
      8976.9263842997      -19.2497200000       -1.7388732623    3.4479405219E-02    2.0878246410E-02    1.3601158809E-02
      8977.3586817997      -18.8174225000       -1.7059354097    3.9639362301E-02    2.3333194044E-02    1.6306168257E-02
      8977.7909792997      -18.3851250000       -1.6723490169    4.6417061488E-02    2.6433179391E-02    1.9983882097E-02
      8978.2232767997      -17.9528275000       -1.6380740624    5.5903590192E-02    3.0485411993E-02    2.5418178199E-02
      8978.6555742997      -17.5205300000       -1.6030665797    6.8599690695E-02    3.5943672530E-02    3.2656018165E-02
      8979.0878717997      -17.0882325000       -1.5672772118    8.7266699470E-02    4.3611170284E-02    4.3655529185E-02
      8979.5201692997      -16.6559350000       -1.5306513920    1.1627339647E-01    5.4841757307E-02    6.1431639166E-02
      8979.9524667997      -16.2236375000       -1.4931272830    1.5752123856E-01    7.1156160421E-02    8.6365078142E-02
      8980.3847642997      -15.7913400000       -1.4546355886    2.0673799852E-01    9.3224445641E-02    1.1351355288E-01
      8980.8170617997      -15.3590425000       -1.4150972787    2.5738316683E-01    1.2062535661E-01    1.3675781023E-01
      8981.2493592997      -14.9267450000       -1.3744221089    3.1032068722E-01    1.5242238664E-01    1.5789830058E-01
      8981.6816567997      -14.4944475000       -1.3325058145    3.6882581354E-01    1.8769189405E-01    1.8113391949E-01
      8982.1139542997      -14.0621500000       -1.2892274268    4.3704977305E-01    2.2559360750E-01    2.1145616555E-01
      8982.5462517997      -13.6298525000       -1.2444448443    5.2027910971E-01    2.6540297384E-01    2.5487613587E-01
      8982.9785492997      -13.1975550000       -1.1979894362    6.2231199626E-01    3.0646536334E-01    3.1584663292E-01
      8983.4108467997      -12.7652575000       -1.1496582487    7.4089640464E-01    3.4817501430E-01    3.9272139034E-01
      8983.8431442997      -12.3329600000       -1.0992041217    8.5635942180E-01    3.8994674995E-01    4.6641267184E-01
      8984.2754417997      -11.9006625000       -1.0463199415    9.1111332248E-01    4.3118092818E-01    4.7993239431E-01
      8984.7077392997      -11.4683650000       -0.9906164910    8.2678961828E-01    4.7121400622E-01    3.5557561206E-01
      8985.1400367997      -11.0360675000       -0.9315882377    6.6345313550E-01    5.0925163786E-01    1.5420149764E-01
      8985.5723342997      -10.6037700000       -0.8685575420    5.4745772459E-01    5.4425488055E-01    3.2028440393E-03
      8986.0046317997      -10.1714725000       -0.8005797083    4.9978711981E-01    5.7473543655E-01   -7.4948316731E-02
      8986.4369292997       -9.7391750000       -0.7262668117    4.8992032750E-01    5.9833794298E-01   -1.0841761548E-01
      8986.8692267997       -9.3068775000       -0.6434275931    4.9093709081E-01    6.1110748367E-01   -1.2017039286E-01
      8987.3015242997       -8.8745800000       -0.5482104340    4.8622978033E-01    6.0565053683E-01   -1.1942075650E-01
      8987.7338217997       -8.4422825000       -0.4325162335    4.6011664550E-01    5.6860458954E-01   -1.0848794405E-01
      8988.1661192997       -8.0099850000       -0.2713040815    3.9454665427E-01    4.8183218826E-01   -8.7285533985E-02
      8988.4465566097       -7.7295476900        0.0000000000    3.3058770288E-01    3.9973616790E-01   -6.9148465025E-02
      8989.0307142997       -7.1453900000        0.3915646442    2.0147928020E-01    2.3688565788E-01   -3.5406377678E-02
      8989.4630117997       -6.7130925000        0.5165145286    1.4172112521E-01    1.6272630032E-01   -2.1005175107E-02
      8989.8953092997       -6.2807950000        0.6166454567    1.0549674349E-01    1.1838272903E-01   -1.2885985541E-02
      8990.3276067997       -5.8484975000        0.7026493152    8.2584326452E-02    9.0779972727E-02   -8.1956462752E-03
      8990.7599042997       -5.4162000000        0.7792178094    6.7202942092E-02    7.2569925583E-02   -5.3669834902E-03
      8991.1922017997       -4.9839025000        0.8489079939    5.6320409136E-02    5.9914110124E-02   -3.5937009883E-03
      8991.6244992997       -4.5516050000        0.9132957734    4.8285907102E-02    5.0733371449E-02   -2.4474643472E-03
      8992.0567967997       -4.1193075000        0.9734338999    4.2148205210E-02    4.3837583080E-02   -1.6893778697E-03
      8992.4890942997       -3.6870100000        1.0300669614    3.7328461515E-02    3.8508326198E-02   -1.1798646831E-03
      8992.9213917997       -3.2547125000        1.0837446374    3.3457216426E-02    3.4291230397E-02   -8.3401397081E-04
      8993.3536892997       -2.8224150000        1.1348862147    3.0288848302E-02    3.0887218828E-02   -5.9837052616E-04
      8993.7859867997       -2.3901175000        1.1838205556    2.7654312327E-02    2.8092607011E-02   -4.3829468371E-04
      8994.2182842997       -1.9578200000        1.2308108665    2.5433779986E-02    2.5764564016E-02   -3.3078402974E-04
      8994.6505817997       -1.5255225000        1.2760720525    2.3540129610E-02    2.3800373513E-02   -2.6024390261E-04
      8995.0828792997       -1.0932250000        1.3197818624    2.1908615218E-02    2.2124529088E-02   -2.1591387023E-04
      8995.5151767997       -0.6609275000        1.3620898129    2.0490191522E-02    2.0680448681E-02   -1.9025715875E-04
      8995.9474742997       -0.2286300000        1.4031226055    1.9247078009E-02    1.9425005550E-02   -1.7792754090E-04
      8996.3797717997        0.2036675000        1.4429891360    1.8149736655E-02    1.8324828725E-02   -1.7509207031E-04
