# # Cu                                                           FEFF 9.5.1  
# # POT  SCF  30  4.0000   0, screened core-hole, AFOLP (folp(0)= 1.150)
# # Abs   Z=29 Rmt= 1.362 Rnm= 1.399 K  shell
# # Pot 1 Z=29 Rmt= 1.362 Rnm= 1.399
# # Gam_ch=1.729E+00 H-L exch
# # Mu=-7.737E+00 kf=1.992E+00 Vint=-1.662E+01 Rs_int= 1.821
# FMS rfms= 4.0000
# # PATH  Rmax=-1.000,  Keep_limit= 0.00, Heap_limit 0.00  Pwcrit= 2.50%
#  S02=1.000                                        Global_sig2= 0.00000
#  Curved wave amplitude ratio filter   4.000%
#     file         sig2 tot  cw amp ratio   deg  nlegs   reff  inp sig2
#     0/   0 paths used
#  xsedge+ 50, used to normalize mu           1.5935E-04
#  -----------------------------------------------------------------------
#  omega    e    k    mu    mu0     chi     @#
    8956.183    -40.000  -2.910  3.70713E-02  3.66894E-02  3.81904E-04
    8956.616    -39.568  -2.890  3.12531E-02  3.08623E-02  3.90762E-04
    8957.048    -39.135  -2.871  2.61679E-02  2.57675E-02  4.00346E-04
    8957.480    -38.703  -2.851  2.20402E-02  2.16290E-02  4.11204E-04
    8957.913    -38.271  -2.831  1.88296E-02  1.84062E-02  4.23473E-04
    8958.345    -37.839  -2.811  1.63666E-02  1.59295E-02  4.37164E-04
    8958.777    -37.406  -2.791  1.44621E-02  1.40099E-02  4.52258E-04
    8959.210    -36.974  -2.770  1.29757E-02  1.25070E-02  4.68728E-04
    8959.642    -36.542  -2.750  1.17948E-02  1.13083E-02  4.86550E-04
    8960.074    -36.109  -2.729  1.08450E-02  1.03392E-02  5.05770E-04
    8960.506    -35.677  -2.708  1.00803E-02  9.55387E-03  5.26445E-04
    8960.939    -35.245  -2.687  9.46704E-03  8.91840E-03  5.48641E-04
    8961.371    -34.812  -2.666  8.97382E-03  8.40138E-03  5.72445E-04
    8961.803    -34.380  -2.644  8.56359E-03  7.96561E-03  5.97983E-04
    8962.236    -33.948  -2.623  8.22137E-03  7.59597E-03  6.25401E-04
    8962.668    -33.516  -2.601  7.94488E-03  7.29002E-03  6.54854E-04
    8963.100    -33.083  -2.579  7.71707E-03  7.03057E-03  6.86503E-04
    8963.533    -32.651  -2.557  7.54011E-03  6.81954E-03  7.20573E-04
    8963.965    -32.219  -2.535  7.40189E-03  6.64460E-03  7.57287E-04
    8964.397    -31.786  -2.512  7.30939E-03  6.51248E-03  7.96915E-04
    8964.829    -31.354  -2.490  7.26530E-03  6.42555E-03  8.39743E-04
    8965.262    -30.922  -2.467  7.22766E-03  6.34154E-03  8.86120E-04
    8965.694    -30.489  -2.444  7.22415E-03  6.28771E-03  9.36444E-04
    8966.126    -30.057  -2.420  7.26559E-03  6.27447E-03  9.91124E-04
    8966.559    -29.625  -2.397  7.32238E-03  6.27175E-03  1.05063E-03
    8966.991    -29.193  -2.373  7.41020E-03  6.29457E-03  1.11563E-03
    8967.423    -28.760  -2.349  7.52211E-03  6.33530E-03  1.18681E-03
    8967.856    -28.328  -2.325  7.66173E-03  6.39689E-03  1.26484E-03
    8968.288    -27.896  -2.300  7.84839E-03  6.49769E-03  1.35071E-03
    8968.720    -27.463  -2.275  8.05495E-03  6.60956E-03  1.44539E-03
    8969.152    -27.031  -2.250  8.29213E-03  6.74193E-03  1.55021E-03
    8969.585    -26.599  -2.225  8.57542E-03  6.90875E-03  1.66668E-03
    8970.017    -26.166  -2.199  8.90007E-03  7.10373E-03  1.79633E-03
    8970.449    -25.734  -2.173  9.26995E-03  7.32851E-03  1.94144E-03
    8970.882    -25.302  -2.147  9.69278E-03  7.58824E-03  2.10454E-03
    8971.314    -24.870  -2.121  1.01828E-02  7.89447E-03  2.28832E-03
    8971.746    -24.437  -2.094  1.07275E-02  8.23092E-03  2.49659E-03
    8972.178    -24.005  -2.066  1.13384E-02  8.60416E-03  2.73424E-03
    8972.611    -23.573  -2.039  1.20369E-02  9.03023E-03  3.00669E-03
    8973.043    -23.140  -2.011  1.28505E-02  9.52968E-03  3.32080E-03
    8973.475    -22.708  -1.982  1.37872E-02  1.01018E-02  3.68549E-03
    8973.908    -22.276  -1.953  1.48600E-02  1.07475E-02  4.11250E-03
    8974.340    -21.844  -1.924  1.61033E-02  1.14865E-02  4.61677E-03
    8974.772    -21.411  -1.894  1.75596E-02  1.23417E-02  5.21793E-03
    8975.205    -20.979  -1.864  1.92635E-02  1.33206E-02  5.94293E-03
    8975.637    -20.547  -1.834  2.13030E-02  1.44743E-02  6.82867E-03
    8976.069    -20.114  -1.802  2.37730E-02  1.58458E-02  7.92716E-03
    8976.501    -19.682  -1.771  2.67853E-02  1.74693E-02  9.31603E-03
    8976.934    -19.250  -1.738  3.05407E-02  1.94320E-02  1.11087E-02
    8977.366    -18.817  -1.705  3.53500E-02  2.18602E-02  1.34898E-02
    8977.798    -18.385  -1.672  4.16763E-02  2.48986E-02  1.67778E-02
    8978.231    -17.953  -1.637  5.04863E-02  2.88343E-02  2.16521E-02
    8978.663    -17.521  -1.602  6.23442E-02  3.40904E-02  2.82538E-02
    8979.095    -17.088  -1.567  7.99263E-02  4.14404E-02  3.84859E-02
    8979.528    -16.656  -1.530  1.07163E-01  5.21354E-02  5.50276E-02
    8979.960    -16.224  -1.492  1.45807E-01  6.75811E-02  7.82260E-02
    8980.392    -15.791  -1.454  1.92080E-01  8.85246E-02  1.03555E-01
    8980.824    -15.359  -1.414  2.40482E-01  1.14769E-01  1.25714E-01
    8981.257    -14.927  -1.374  2.92446E-01  1.45657E-01  1.46789E-01
    8981.689    -14.494  -1.332  3.50700E-01  1.80442E-01  1.70259E-01
    8982.121    -14.062  -1.288  4.18983E-01  2.18383E-01  2.00600E-01
    8982.554    -13.630  -1.244  5.00863E-01  2.58770E-01  2.42092E-01
    8982.986    -13.198  -1.197  5.96186E-01  3.00894E-01  2.95292E-01
    8983.418    -12.765  -1.149  6.94773E-01  3.44060E-01  3.50714E-01
    8983.851    -12.333  -1.098  7.67278E-01  3.87558E-01  3.79720E-01
    8984.283    -11.901  -1.045  7.61928E-01  4.30644E-01  3.31285E-01
    8984.715    -11.468  -0.990  6.51115E-01  4.72512E-01  1.78602E-01
    8985.147    -11.036  -0.931  5.18297E-01  5.12227E-01  6.07054E-03
    8985.580    -10.604  -0.867  4.42172E-01  5.48637E-01 -1.06465E-01
    8986.012    -10.171  -0.799  4.20431E-01  5.80090E-01 -1.59659E-01
    8986.444     -9.739  -0.725  4.25523E-01  6.04183E-01 -1.78660E-01
    8986.877     -9.307  -0.642  4.35932E-01  6.16779E-01 -1.80847E-01
    8987.309     -8.875  -0.546  4.38148E-01  6.10531E-01 -1.72383E-01
    8987.741     -8.442  -0.430  4.17971E-01  5.71862E-01 -1.53891E-01
    8988.174     -8.010  -0.268  3.59063E-01  4.82931E-01 -1.23867E-01
    8988.447     -7.737   0.000  3.02001E-01  4.01984E-01 -9.99828E-02
    8989.038     -7.145   0.394  1.81861E-01  2.36225E-01 -5.43633E-02
    8989.470     -6.713   0.518  1.27340E-01  1.62173E-01 -3.48332E-02
    8989.903     -6.281   0.618  9.44181E-02  1.17892E-01 -2.34743E-02
    8990.335     -5.848   0.704  7.36694E-02  9.03060E-02 -1.66366E-02
    8990.767     -5.416   0.780  5.97883E-02  7.20937E-02 -1.23054E-02
    8991.200     -4.984   0.850  4.99983E-02  5.94305E-02 -9.43219E-03
    8991.632     -4.552   0.914  4.27909E-02  5.02424E-02 -7.45150E-03
    8992.064     -4.119   0.974  3.72987E-02  4.33409E-02 -6.04224E-03
    8992.496     -3.687   1.031  3.29952E-02  3.80080E-02 -5.01288E-03
    8992.929     -3.255   1.085  2.95451E-02  3.37892E-02 -4.24417E-03
    8993.361     -2.822   1.136  2.67260E-02  3.03852E-02 -3.65916E-03
    8993.793     -2.390   1.185  2.43853E-02  2.75918E-02 -3.20657E-03
    8994.226     -1.958   1.232  2.24148E-02  2.52662E-02 -2.85131E-03
    8994.658     -1.526   1.277  2.07363E-02  2.33052E-02 -2.56884E-03
    8995.090     -1.093   1.321  1.92916E-02  2.16332E-02 -2.34161E-03
    8995.523     -0.661   1.363  1.80366E-02  2.01935E-02 -2.15687E-03
    8995.955     -0.229   1.404  1.69376E-02  1.89428E-02 -2.00518E-03
    8996.387      0.204   1.444  1.59682E-02  1.78477E-02 -1.87950E-03
