natx =      705
    x       y        z       iph  
      0.00000      0.00000      0.00000   0      0.00000
      1.35275      1.35275      1.35275   2      2.34303
     -1.35275      1.35275      1.35275   2      2.34303
      1.35275     -1.35275      1.35275   2      2.34303
     -1.35275     -1.35275      1.35275   2      2.34303
      1.35275      1.35275     -1.35275   2      2.34303
     -1.35275      1.35275     -1.35275   2      2.34303
      1.35275     -1.35275     -1.35275   2      2.34303
     -1.35275     -1.35275     -1.35275   2      2.34303
      2.70550      2.70550      0.00000   1      3.82615
     -2.70550      2.70550      0.00000   1      3.82615
      2.70550     -2.70550      0.00000   1      3.82615
     -2.70550     -2.70550      0.00000   1      3.82615
      2.70550      0.00000      2.70550   1      3.82615
     -2.70550      0.00000      2.70550   1      3.82615
      0.00000      2.70550      2.70550   1      3.82615
      0.00000     -2.70550      2.70550   1      3.82615
      2.70550      0.00000     -2.70550   1      3.82615
     -2.70550      0.00000     -2.70550   1      3.82615
      0.00000      2.70550     -2.70550   1      3.82615
      0.00000     -2.70550     -2.70550   1      3.82615
      4.05825      1.35275      1.35275   2      4.48656
     -4.05825      1.35275      1.35275   2      4.48656
      1.35275      4.05825      1.35275   2      4.48656
     -1.35275      4.05825      1.35275   2      4.48656
      4.05825     -1.35275      1.35275   2      4.48656
     -4.05825     -1.35275      1.35275   2      4.48656
      1.35275     -4.05825      1.35275   2      4.48656
     -1.35275     -4.05825      1.35275   2      4.48656
      1.35275      1.35275      4.05825   2      4.48656
     -1.35275      1.35275      4.05825   2      4.48656
      1.35275     -1.35275      4.05825   2      4.48656
     -1.35275     -1.35275      4.05825   2      4.48656
      4.05825      1.35275     -1.35275   2      4.48656
     -4.05825      1.35275     -1.35275   2      4.48656
      1.35275      4.05825     -1.35275   2      4.48656
     -1.35275      4.05825     -1.35275   2      4.48656
      4.05825     -1.35275     -1.35275   2      4.48656
     -4.05825     -1.35275     -1.35275   2      4.48656
      1.35275     -4.05825     -1.35275   2      4.48656
     -1.35275     -4.05825     -1.35275   2      4.48656
      1.35275      1.35275     -4.05825   2      4.48656
     -1.35275      1.35275     -4.05825   2      4.48656
      1.35275     -1.35275     -4.05825   2      4.48656
     -1.35275     -1.35275     -4.05825   2      4.48656
      5.41100      0.00000      0.00000   1      5.41100
     -5.41100      0.00000      0.00000   1      5.41100
      0.00000      5.41100      0.00000   1      5.41100
      0.00000     -5.41100      0.00000   1      5.41100
      0.00000      0.00000      5.41100   1      5.41100
      0.00000      0.00000     -5.41100   1      5.41100
      4.05825      4.05825      1.35275   2      5.89650
     -4.05825      4.05825      1.35275   2      5.89650
      4.05825     -4.05825      1.35275   2      5.89650
     -4.05825     -4.05825      1.35275   2      5.89650
      4.05825      1.35275      4.05825   2      5.89650
     -4.05825      1.35275      4.05825   2      5.89650
      1.35275      4.05825      4.05825   2      5.89650
     -1.35275      4.05825      4.05825   2      5.89650
      4.05825     -1.35275      4.05825   2      5.89650
     -4.05825     -1.35275      4.05825   2      5.89650
      1.35275     -4.05825      4.05825   2      5.89650
     -1.35275     -4.05825      4.05825   2      5.89650
      4.05825      4.05825     -1.35275   2      5.89650
     -4.05825      4.05825     -1.35275   2      5.89650
      4.05825     -4.05825     -1.35275   2      5.89650
     -4.05825     -4.05825     -1.35275   2      5.89650
      4.05825      1.35275     -4.05825   2      5.89650
     -4.05825      1.35275     -4.05825   2      5.89650
      1.35275      4.05825     -4.05825   2      5.89650
     -1.35275      4.05825     -4.05825   2      5.89650
      4.05825     -1.35275     -4.05825   2      5.89650
     -4.05825     -1.35275     -4.05825   2      5.89650
      1.35275     -4.05825     -4.05825   2      5.89650
     -1.35275     -4.05825     -4.05825   2      5.89650
      5.41100      2.70550      2.70550   1      6.62709
     -5.41100      2.70550      2.70550   1      6.62709
      2.70550      5.41100      2.70550   1      6.62709
     -2.70550      5.41100      2.70550   1      6.62709
      5.41100     -2.70550      2.70550   1      6.62709
     -5.41100     -2.70550      2.70550   1      6.62709
      2.70550     -5.41100      2.70550   1      6.62709
     -2.70550     -5.41100      2.70550   1      6.62709
      2.70550      2.70550      5.41100   1      6.62709
     -2.70550      2.70550      5.41100   1      6.62709
      2.70550     -2.70550      5.41100   1      6.62709
     -2.70550     -2.70550      5.41100   1      6.62709
      5.41100      2.70550     -2.70550   1      6.62709
     -5.41100      2.70550     -2.70550   1      6.62709
      2.70550      5.41100     -2.70550   1      6.62709
     -2.70550      5.41100     -2.70550   1      6.62709
      5.41100     -2.70550     -2.70550   1      6.62709
     -5.41100     -2.70550     -2.70550   1      6.62709
      2.70550     -5.41100     -2.70550   1      6.62709
     -2.70550     -5.41100     -2.70550   1      6.62709
      2.70550      2.70550     -5.41100   1      6.62709
     -2.70550      2.70550     -5.41100   1      6.62709
      2.70550     -2.70550     -5.41100   1      6.62709
     -2.70550     -2.70550     -5.41100   1      6.62709
      6.76375      1.35275      1.35275   2      7.02910
     -6.76375      1.35275      1.35275   2      7.02910
      1.35275      6.76375      1.35275   2      7.02910
     -1.35275      6.76375      1.35275   2      7.02910
      6.76375     -1.35275      1.35275   2      7.02910
     -6.76375     -1.35275      1.35275   2      7.02910
      1.35275     -6.76375      1.35275   2      7.02910
     -1.35275     -6.76375      1.35275   2      7.02910
      4.05825      4.05825      4.05825   2      7.02910
     -4.05825      4.05825      4.05825   2      7.02910
      4.05825     -4.05825      4.05825   2      7.02910
     -4.05825     -4.05825      4.05825   2      7.02910
      1.35275      1.35275      6.76375   2      7.02910
     -1.35275      1.35275      6.76375   2      7.02910
      1.35275     -1.35275      6.76375   2      7.02910
     -1.35275     -1.35275      6.76375   2      7.02910
      6.76375      1.35275     -1.35275   2      7.02910
     -6.76375      1.35275     -1.35275   2      7.02910
      1.35275      6.76375     -1.35275   2      7.02910
     -1.35275      6.76375     -1.35275   2      7.02910
      6.76375     -1.35275     -1.35275   2      7.02910
     -6.76375     -1.35275     -1.35275   2      7.02910
      1.35275     -6.76375     -1.35275   2      7.02910
     -1.35275     -6.76375     -1.35275   2      7.02910
      4.05825      4.05825     -4.05825   2      7.02910
     -4.05825      4.05825     -4.05825   2      7.02910
      4.05825     -4.05825     -4.05825   2      7.02910
     -4.05825     -4.05825     -4.05825   2      7.02910
      1.35275      1.35275     -6.76375   2      7.02910
     -1.35275      1.35275     -6.76375   2      7.02910
      1.35275     -1.35275     -6.76375   2      7.02910
     -1.35275     -1.35275     -6.76375   2      7.02910
      5.41100      5.41100      0.00000   1      7.65231
     -5.41100      5.41100      0.00000   1      7.65231
      5.41100     -5.41100      0.00000   1      7.65231
     -5.41100     -5.41100      0.00000   1      7.65231
      5.41100      0.00000      5.41100   1      7.65231
     -5.41100      0.00000      5.41100   1      7.65231
      0.00000      5.41100      5.41100   1      7.65231
      0.00000     -5.41100      5.41100   1      7.65231
      5.41100      0.00000     -5.41100   1      7.65231
     -5.41100      0.00000     -5.41100   1      7.65231
      0.00000      5.41100     -5.41100   1      7.65231
      0.00000     -5.41100     -5.41100   1      7.65231
      6.76375      4.05825      1.35275   2      8.00298
     -6.76375      4.05825      1.35275   2      8.00298
      4.05825      6.76375      1.35275   2      8.00298
     -4.05825      6.76375      1.35275   2      8.00298
      6.76375     -4.05825      1.35275   2      8.00298
     -6.76375     -4.05825      1.35275   2      8.00298
      4.05825     -6.76375      1.35275   2      8.00298
     -4.05825     -6.76375      1.35275   2      8.00298
      6.76375      1.35275      4.05825   2      8.00298
     -6.76375      1.35275      4.05825   2      8.00298
      1.35275      6.76375      4.05825   2      8.00298
     -1.35275      6.76375      4.05825   2      8.00298
      6.76375     -1.35275      4.05825   2      8.00298
     -6.76375     -1.35275      4.05825   2      8.00298
      1.35275     -6.76375      4.05825   2      8.00298
     -1.35275     -6.76375      4.05825   2      8.00298
      4.05825      1.35275      6.76375   2      8.00298
     -4.05825      1.35275      6.76375   2      8.00298
      1.35275      4.05825      6.76375   2      8.00298
     -1.35275      4.05825      6.76375   2      8.00298
      4.05825     -1.35275      6.76375   2      8.00298
     -4.05825     -1.35275      6.76375   2      8.00298
      1.35275     -4.05825      6.76375   2      8.00298
     -1.35275     -4.05825      6.76375   2      8.00298
      6.76375      4.05825     -1.35275   2      8.00298
     -6.76375      4.05825     -1.35275   2      8.00298
      4.05825      6.76375     -1.35275   2      8.00298
     -4.05825      6.76375     -1.35275   2      8.00298
      6.76375     -4.05825     -1.35275   2      8.00298
     -6.76375     -4.05825     -1.35275   2      8.00298
      4.05825     -6.76375     -1.35275   2      8.00298
     -4.05825     -6.76375     -1.35275   2      8.00298
      6.76375      1.35275     -4.05825   2      8.00298
     -6.76375      1.35275     -4.05825   2      8.00298
      1.35275      6.76375     -4.05825   2      8.00298
     -1.35275      6.76375     -4.05825   2      8.00298
      6.76375     -1.35275     -4.05825   2      8.00298
     -6.76375     -1.35275     -4.05825   2      8.00298
      1.35275     -6.76375     -4.05825   2      8.00298
     -1.35275     -6.76375     -4.05825   2      8.00298
      4.05825      1.35275     -6.76375   2      8.00298
     -4.05825      1.35275     -6.76375   2      8.00298
      1.35275      4.05825     -6.76375   2      8.00298
     -1.35275      4.05825     -6.76375   2      8.00298
      4.05825     -1.35275     -6.76375   2      8.00298
     -4.05825     -1.35275     -6.76375   2      8.00298
      1.35275     -4.05825     -6.76375   2      8.00298
     -1.35275     -4.05825     -6.76375   2      8.00298
      8.11650      2.70550      0.00000   1      8.55554
     -8.11650      2.70550      0.00000   1      8.55554
      2.70550      8.11650      0.00000   1      8.55554
     -2.70550      8.11650      0.00000   1      8.55554
      8.11650     -2.70550      0.00000   1      8.55554
     -8.11650     -2.70550      0.00000   1      8.55554
      2.70550     -8.11650      0.00000   1      8.55554
     -2.70550     -8.11650      0.00000   1      8.55554
      8.11650      0.00000      2.70550   1      8.55554
     -8.11650      0.00000      2.70550   1      8.55554
      0.00000      8.11650      2.70550   1      8.55554
      0.00000     -8.11650      2.70550   1      8.55554
      2.70550      0.00000      8.11650   1      8.55554
     -2.70550      0.00000      8.11650   1      8.55554
      0.00000      2.70550      8.11650   1      8.55554
      0.00000     -2.70550      8.11650   1      8.55554
      8.11650      0.00000     -2.70550   1      8.55554
     -8.11650      0.00000     -2.70550   1      8.55554
      0.00000      8.11650     -2.70550   1      8.55554
      0.00000     -8.11650     -2.70550   1      8.55554
      2.70550      0.00000     -8.11650   1      8.55554
     -2.70550      0.00000     -8.11650   1      8.55554
      0.00000      2.70550     -8.11650   1      8.55554
      0.00000     -2.70550     -8.11650   1      8.55554
      6.76375      4.05825      4.05825   2      8.87057
     -6.76375      4.05825      4.05825   2      8.87057
      4.05825      6.76375      4.05825   2      8.87057
     -4.05825      6.76375      4.05825   2      8.87057
      6.76375     -4.05825      4.05825   2      8.87057
     -6.76375     -4.05825      4.05825   2      8.87057
      4.05825     -6.76375      4.05825   2      8.87057
     -4.05825     -6.76375      4.05825   2      8.87057
      4.05825      4.05825      6.76375   2      8.87057
     -4.05825      4.05825      6.76375   2      8.87057
      4.05825     -4.05825      6.76375   2      8.87057
     -4.05825     -4.05825      6.76375   2      8.87057
      6.76375      4.05825     -4.05825   2      8.87057
     -6.76375      4.05825     -4.05825   2      8.87057
      4.05825      6.76375     -4.05825   2      8.87057
     -4.05825      6.76375     -4.05825   2      8.87057
      6.76375     -4.05825     -4.05825   2      8.87057
     -6.76375     -4.05825     -4.05825   2      8.87057
      4.05825     -6.76375     -4.05825   2      8.87057
     -4.05825     -6.76375     -4.05825   2      8.87057
      4.05825      4.05825     -6.76375   2      8.87057
     -4.05825      4.05825     -6.76375   2      8.87057
      4.05825     -4.05825     -6.76375   2      8.87057
     -4.05825     -4.05825     -6.76375   2      8.87057
      5.41100      5.41100      5.41100   1      9.37213
     -5.41100      5.41100      5.41100   1      9.37213
      5.41100     -5.41100      5.41100   1      9.37213
     -5.41100     -5.41100      5.41100   1      9.37213
      5.41100      5.41100     -5.41100   1      9.37213
     -5.41100      5.41100     -5.41100   1      9.37213
      5.41100     -5.41100     -5.41100   1      9.37213
     -5.41100     -5.41100     -5.41100   1      9.37213
      9.46925      1.35275      1.35275   2      9.66057
     -9.46925      1.35275      1.35275   2      9.66057
      6.76375      6.76375      1.35275   2      9.66057
     -6.76375      6.76375      1.35275   2      9.66057
      1.35275      9.46925      1.35275   2      9.66057
     -1.35275      9.46925      1.35275   2      9.66057
      9.46925     -1.35275      1.35275   2      9.66057
     -9.46925     -1.35275      1.35275   2      9.66057
      6.76375     -6.76375      1.35275   2      9.66057
     -6.76375     -6.76375      1.35275   2      9.66057
      1.35275     -9.46925      1.35275   2      9.66057
     -1.35275     -9.46925      1.35275   2      9.66057
      6.76375      1.35275      6.76375   2      9.66057
     -6.76375      1.35275      6.76375   2      9.66057
      1.35275      6.76375      6.76375   2      9.66057
     -1.35275      6.76375      6.76375   2      9.66057
      6.76375     -1.35275      6.76375   2      9.66057
     -6.76375     -1.35275      6.76375   2      9.66057
      1.35275     -6.76375      6.76375   2      9.66057
     -1.35275     -6.76375      6.76375   2      9.66057
      1.35275      1.35275      9.46925   2      9.66057
     -1.35275      1.35275      9.46925   2      9.66057
      1.35275     -1.35275      9.46925   2      9.66057
     -1.35275     -1.35275      9.46925   2      9.66057
      9.46925      1.35275     -1.35275   2      9.66057
     -9.46925      1.35275     -1.35275   2      9.66057
      6.76375      6.76375     -1.35275   2      9.66057
     -6.76375      6.76375     -1.35275   2      9.66057
      1.35275      9.46925     -1.35275   2      9.66057
     -1.35275      9.46925     -1.35275   2      9.66057
      9.46925     -1.35275     -1.35275   2      9.66057
     -9.46925     -1.35275     -1.35275   2      9.66057
      6.76375     -6.76375     -1.35275   2      9.66057
     -6.76375     -6.76375     -1.35275   2      9.66057
      1.35275     -9.46925     -1.35275   2      9.66057
     -1.35275     -9.46925     -1.35275   2      9.66057
      6.76375      1.35275     -6.76375   2      9.66057
     -6.76375      1.35275     -6.76375   2      9.66057
      1.35275      6.76375     -6.76375   2      9.66057
     -1.35275      6.76375     -6.76375   2      9.66057
      6.76375     -1.35275     -6.76375   2      9.66057
     -6.76375     -1.35275     -6.76375   2      9.66057
      1.35275     -6.76375     -6.76375   2      9.66057
     -1.35275     -6.76375     -6.76375   2      9.66057
      1.35275      1.35275     -9.46925   2      9.66057
     -1.35275      1.35275     -9.46925   2      9.66057
      1.35275     -1.35275     -9.46925   2      9.66057
     -1.35275     -1.35275     -9.46925   2      9.66057
      8.11650      5.41100      2.70550   1     10.12305
     -8.11650      5.41100      2.70550   1     10.12305
      5.41100      8.11650      2.70550   1     10.12305
     -5.41100      8.11650      2.70550   1     10.12305
      8.11650     -5.41100      2.70550   1     10.12305
     -8.11650     -5.41100      2.70550   1     10.12305
      5.41100     -8.11650      2.70550   1     10.12305
     -5.41100     -8.11650      2.70550   1     10.12305
      8.11650      2.70550      5.41100   1     10.12305
     -8.11650      2.70550      5.41100   1     10.12305
      2.70550      8.11650      5.41100   1     10.12305
     -2.70550      8.11650      5.41100   1     10.12305
      8.11650     -2.70550      5.41100   1     10.12305
     -8.11650     -2.70550      5.41100   1     10.12305
      2.70550     -8.11650      5.41100   1     10.12305
     -2.70550     -8.11650      5.41100   1     10.12305
      5.41100      2.70550      8.11650   1     10.12305
     -5.41100      2.70550      8.11650   1     10.12305
      2.70550      5.41100      8.11650   1     10.12305
     -2.70550      5.41100      8.11650   1     10.12305
      5.41100     -2.70550      8.11650   1     10.12305
     -5.41100     -2.70550      8.11650   1     10.12305
      2.70550     -5.41100      8.11650   1     10.12305
     -2.70550     -5.41100      8.11650   1     10.12305
      8.11650      5.41100     -2.70550   1     10.12305
     -8.11650      5.41100     -2.70550   1     10.12305
      5.41100      8.11650     -2.70550   1     10.12305
     -5.41100      8.11650     -2.70550   1     10.12305
      8.11650     -5.41100     -2.70550   1     10.12305
     -8.11650     -5.41100     -2.70550   1     10.12305
      5.41100     -8.11650     -2.70550   1     10.12305
     -5.41100     -8.11650     -2.70550   1     10.12305
      8.11650      2.70550     -5.41100   1     10.12305
     -8.11650      2.70550     -5.41100   1     10.12305
      2.70550      8.11650     -5.41100   1     10.12305
     -2.70550      8.11650     -5.41100   1     10.12305
      8.11650     -2.70550     -5.41100   1     10.12305
     -8.11650     -2.70550     -5.41100   1     10.12305
      2.70550     -8.11650     -5.41100   1     10.12305
     -2.70550     -8.11650     -5.41100   1     10.12305
      5.41100      2.70550     -8.11650   1     10.12305
     -5.41100      2.70550     -8.11650   1     10.12305
      2.70550      5.41100     -8.11650   1     10.12305
     -2.70550      5.41100     -8.11650   1     10.12305
      5.41100     -2.70550     -8.11650   1     10.12305
     -5.41100     -2.70550     -8.11650   1     10.12305
      2.70550     -5.41100     -8.11650   1     10.12305
     -2.70550     -5.41100     -8.11650   1     10.12305
      9.46925      4.05825      1.35275   2     10.39067
     -9.46925      4.05825      1.35275   2     10.39067
      4.05825      9.46925      1.35275   2     10.39067
     -4.05825      9.46925      1.35275   2     10.39067
      9.46925     -4.05825      1.35275   2     10.39067
     -9.46925     -4.05825      1.35275   2     10.39067
      4.05825     -9.46925      1.35275   2     10.39067
     -4.05825     -9.46925      1.35275   2     10.39067
      9.46925      1.35275      4.05825   2     10.39067
     -9.46925      1.35275      4.05825   2     10.39067
      6.76375      6.76375      4.05825   2     10.39067
     -6.76375      6.76375      4.05825   2     10.39067
      1.35275      9.46925      4.05825   2     10.39067
     -1.35275      9.46925      4.05825   2     10.39067
      9.46925     -1.35275      4.05825   2     10.39067
     -9.46925     -1.35275      4.05825   2     10.39067
      6.76375     -6.76375      4.05825   2     10.39067
     -6.76375     -6.76375      4.05825   2     10.39067
      1.35275     -9.46925      4.05825   2     10.39067
     -1.35275     -9.46925      4.05825   2     10.39067
      6.76375      4.05825      6.76375   2     10.39067
     -6.76375      4.05825      6.76375   2     10.39067
      4.05825      6.76375      6.76375   2     10.39067
     -4.05825      6.76375      6.76375   2     10.39067
      6.76375     -4.05825      6.76375   2     10.39067
     -6.76375     -4.05825      6.76375   2     10.39067
      4.05825     -6.76375      6.76375   2     10.39067
     -4.05825     -6.76375      6.76375   2     10.39067
      4.05825      1.35275      9.46925   2     10.39067
     -4.05825      1.35275      9.46925   2     10.39067
      1.35275      4.05825      9.46925   2     10.39067
     -1.35275      4.05825      9.46925   2     10.39067
      4.05825     -1.35275      9.46925   2     10.39067
     -4.05825     -1.35275      9.46925   2     10.39067
      1.35275     -4.05825      9.46925   2     10.39067
     -1.35275     -4.05825      9.46925   2     10.39067
      9.46925      4.05825     -1.35275   2     10.39067
     -9.46925      4.05825     -1.35275   2     10.39067
      4.05825      9.46925     -1.35275   2     10.39067
     -4.05825      9.46925     -1.35275   2     10.39067
      9.46925     -4.05825     -1.35275   2     10.39067
     -9.46925     -4.05825     -1.35275   2     10.39067
      4.05825     -9.46925     -1.35275   2     10.39067
     -4.05825     -9.46925     -1.35275   2     10.39067
      9.46925      1.35275     -4.05825   2     10.39067
     -9.46925      1.35275     -4.05825   2     10.39067
      6.76375      6.76375     -4.05825   2     10.39067
     -6.76375      6.76375     -4.05825   2     10.39067
      1.35275      9.46925     -4.05825   2     10.39067
     -1.35275      9.46925     -4.05825   2     10.39067
      9.46925     -1.35275     -4.05825   2     10.39067
     -9.46925     -1.35275     -4.05825   2     10.39067
      6.76375     -6.76375     -4.05825   2     10.39067
     -6.76375     -6.76375     -4.05825   2     10.39067
      1.35275     -9.46925     -4.05825   2     10.39067
     -1.35275     -9.46925     -4.05825   2     10.39067
      6.76375      4.05825     -6.76375   2     10.39067
     -6.76375      4.05825     -6.76375   2     10.39067
      4.05825      6.76375     -6.76375   2     10.39067
     -4.05825      6.76375     -6.76375   2     10.39067
      6.76375     -4.05825     -6.76375   2     10.39067
     -6.76375     -4.05825     -6.76375   2     10.39067
      4.05825     -6.76375     -6.76375   2     10.39067
     -4.05825     -6.76375     -6.76375   2     10.39067
      4.05825      1.35275     -9.46925   2     10.39067
     -4.05825      1.35275     -9.46925   2     10.39067
      1.35275      4.05825     -9.46925   2     10.39067
     -1.35275      4.05825     -9.46925   2     10.39067
      4.05825     -1.35275     -9.46925   2     10.39067
     -4.05825     -1.35275     -9.46925   2     10.39067
      1.35275     -4.05825     -9.46925   2     10.39067
     -1.35275     -4.05825     -9.46925   2     10.39067
     10.82200      0.00000      0.00000   1     10.82200
    -10.82200      0.00000      0.00000   1     10.82200
      0.00000     10.82200      0.00000   1     10.82200
      0.00000    -10.82200      0.00000   1     10.82200
      0.00000      0.00000     10.82200   1     10.82200
      0.00000      0.00000    -10.82200   1     10.82200
      9.46925      4.05825      4.05825   2     11.07274
     -9.46925      4.05825      4.05825   2     11.07274
      4.05825      9.46925      4.05825   2     11.07274
     -4.05825      9.46925      4.05825   2     11.07274
      9.46925     -4.05825      4.05825   2     11.07274
     -9.46925     -4.05825      4.05825   2     11.07274
      4.05825     -9.46925      4.05825   2     11.07274
     -4.05825     -9.46925      4.05825   2     11.07274
      4.05825      4.05825      9.46925   2     11.07274
     -4.05825      4.05825      9.46925   2     11.07274
      4.05825     -4.05825      9.46925   2     11.07274
     -4.05825     -4.05825      9.46925   2     11.07274
      9.46925      4.05825     -4.05825   2     11.07274
     -9.46925      4.05825     -4.05825   2     11.07274
      4.05825      9.46925     -4.05825   2     11.07274
     -4.05825      9.46925     -4.05825   2     11.07274
      9.46925     -4.05825     -4.05825   2     11.07274
     -9.46925     -4.05825     -4.05825   2     11.07274
      4.05825     -9.46925     -4.05825   2     11.07274
     -4.05825     -9.46925     -4.05825   2     11.07274
      4.05825      4.05825     -9.46925   2     11.07274
     -4.05825      4.05825     -9.46925   2     11.07274
      4.05825     -4.05825     -9.46925   2     11.07274
     -4.05825     -4.05825     -9.46925   2     11.07274
      8.11650      8.11650      0.00000   1     11.47846
     -8.11650      8.11650      0.00000   1     11.47846
      8.11650     -8.11650      0.00000   1     11.47846
     -8.11650     -8.11650      0.00000   1     11.47846
     10.82200      2.70550      2.70550   1     11.47846
    -10.82200      2.70550      2.70550   1     11.47846
     10.82200     -2.70550      2.70550   1     11.47846
    -10.82200     -2.70550      2.70550   1     11.47846
      2.70550     10.82200      2.70550   1     11.47846
     -2.70550     10.82200      2.70550   1     11.47846
      2.70550    -10.82200      2.70550   1     11.47846
     -2.70550    -10.82200      2.70550   1     11.47846
      8.11650      0.00000      8.11650   1     11.47846
     -8.11650      0.00000      8.11650   1     11.47846
      0.00000      8.11650      8.11650   1     11.47846
      0.00000     -8.11650      8.11650   1     11.47846
     10.82200      2.70550     -2.70550   1     11.47846
    -10.82200      2.70550     -2.70550   1     11.47846
     10.82200     -2.70550     -2.70550   1     11.47846
    -10.82200     -2.70550     -2.70550   1     11.47846
      2.70550     10.82200     -2.70550   1     11.47846
     -2.70550     10.82200     -2.70550   1     11.47846
      2.70550    -10.82200     -2.70550   1     11.47846
     -2.70550    -10.82200     -2.70550   1     11.47846
      8.11650      0.00000     -8.11650   1     11.47846
     -8.11650      0.00000     -8.11650   1     11.47846
      0.00000      8.11650     -8.11650   1     11.47846
      0.00000     -8.11650     -8.11650   1     11.47846
      2.70550      2.70550     10.82200   1     11.47846
     -2.70550      2.70550     10.82200   1     11.47846
      2.70550     -2.70550     10.82200   1     11.47846
     -2.70550     -2.70550     10.82200   1     11.47846
      2.70550      2.70550    -10.82200   1     11.47846
     -2.70550      2.70550    -10.82200   1     11.47846
      2.70550     -2.70550    -10.82200   1     11.47846
     -2.70550     -2.70550    -10.82200   1     11.47846
      9.46925      6.76375      1.35275   2     11.71516
     -9.46925      6.76375      1.35275   2     11.71516
      6.76375      9.46925      1.35275   2     11.71516
     -6.76375      9.46925      1.35275   2     11.71516
      9.46925     -6.76375      1.35275   2     11.71516
     -9.46925     -6.76375      1.35275   2     11.71516
      6.76375     -9.46925      1.35275   2     11.71516
     -6.76375     -9.46925      1.35275   2     11.71516
      9.46925      1.35275      6.76375   2     11.71516
     -9.46925      1.35275      6.76375   2     11.71516
      6.76375      6.76375      6.76375   2     11.71516
     -6.76375      6.76375      6.76375   2     11.71516
      1.35275      9.46925      6.76375   2     11.71516
     -1.35275      9.46925      6.76375   2     11.71516
      9.46925     -1.35275      6.76375   2     11.71516
     -9.46925     -1.35275      6.76375   2     11.71516
      6.76375     -6.76375      6.76375   2     11.71516
     -6.76375     -6.76375      6.76375   2     11.71516
      1.35275     -9.46925      6.76375   2     11.71516
     -1.35275     -9.46925      6.76375   2     11.71516
      6.76375      1.35275      9.46925   2     11.71516
     -6.76375      1.35275      9.46925   2     11.71516
      1.35275      6.76375      9.46925   2     11.71516
     -1.35275      6.76375      9.46925   2     11.71516
      6.76375     -1.35275      9.46925   2     11.71516
     -6.76375     -1.35275      9.46925   2     11.71516
      1.35275     -6.76375      9.46925   2     11.71516
     -1.35275     -6.76375      9.46925   2     11.71516
      9.46925      6.76375     -1.35275   2     11.71516
     -9.46925      6.76375     -1.35275   2     11.71516
      6.76375      9.46925     -1.35275   2     11.71516
     -6.76375      9.46925     -1.35275   2     11.71516
      9.46925     -6.76375     -1.35275   2     11.71516
     -9.46925     -6.76375     -1.35275   2     11.71516
      6.76375     -9.46925     -1.35275   2     11.71516
     -6.76375     -9.46925     -1.35275   2     11.71516
      9.46925      1.35275     -6.76375   2     11.71516
     -9.46925      1.35275     -6.76375   2     11.71516
      6.76375      6.76375     -6.76375   2     11.71516
     -6.76375      6.76375     -6.76375   2     11.71516
      1.35275      9.46925     -6.76375   2     11.71516
     -1.35275      9.46925     -6.76375   2     11.71516
      9.46925     -1.35275     -6.76375   2     11.71516
     -9.46925     -1.35275     -6.76375   2     11.71516
      6.76375     -6.76375     -6.76375   2     11.71516
     -6.76375     -6.76375     -6.76375   2     11.71516
      1.35275     -9.46925     -6.76375   2     11.71516
     -1.35275     -9.46925     -6.76375   2     11.71516
      6.76375      1.35275     -9.46925   2     11.71516
     -6.76375      1.35275     -9.46925   2     11.71516
      1.35275      6.76375     -9.46925   2     11.71516
     -1.35275      6.76375     -9.46925   2     11.71516
      6.76375     -1.35275     -9.46925   2     11.71516
     -6.76375     -1.35275     -9.46925   2     11.71516
      1.35275     -6.76375     -9.46925   2     11.71516
     -1.35275     -6.76375     -9.46925   2     11.71516
     10.82200      5.41100      0.00000   1     12.09936
    -10.82200      5.41100      0.00000   1     12.09936
     10.82200     -5.41100      0.00000   1     12.09936
    -10.82200     -5.41100      0.00000   1     12.09936
      5.41100     10.82200      0.00000   1     12.09936
     -5.41100     10.82200      0.00000   1     12.09936
      5.41100    -10.82200      0.00000   1     12.09936
     -5.41100    -10.82200      0.00000   1     12.09936
     10.82200      0.00000      5.41100   1     12.09936
    -10.82200      0.00000      5.41100   1     12.09936
      0.00000     10.82200      5.41100   1     12.09936
      0.00000    -10.82200      5.41100   1     12.09936
     10.82200      0.00000     -5.41100   1     12.09936
    -10.82200      0.00000     -5.41100   1     12.09936
      0.00000     10.82200     -5.41100   1     12.09936
      0.00000    -10.82200     -5.41100   1     12.09936
      5.41100      0.00000     10.82200   1     12.09936
     -5.41100      0.00000     10.82200   1     12.09936
      0.00000      5.41100     10.82200   1     12.09936
      0.00000     -5.41100     10.82200   1     12.09936
      5.41100      0.00000    -10.82200   1     12.09936
     -5.41100      0.00000    -10.82200   1     12.09936
      0.00000      5.41100    -10.82200   1     12.09936
      0.00000     -5.41100    -10.82200   1     12.09936
     12.17475      1.35275      1.35275   2     12.32414
    -12.17475      1.35275      1.35275   2     12.32414
     12.17475     -1.35275      1.35275   2     12.32414
    -12.17475     -1.35275      1.35275   2     12.32414
      1.35275     12.17475      1.35275   2     12.32414
     -1.35275     12.17475      1.35275   2     12.32414
      1.35275    -12.17475      1.35275   2     12.32414
     -1.35275    -12.17475      1.35275   2     12.32414
      9.46925      6.76375      4.05825   2     12.32414
     -9.46925      6.76375      4.05825   2     12.32414
      6.76375      9.46925      4.05825   2     12.32414
     -6.76375      9.46925      4.05825   2     12.32414
      9.46925     -6.76375      4.05825   2     12.32414
     -9.46925     -6.76375      4.05825   2     12.32414
      6.76375     -9.46925      4.05825   2     12.32414
     -6.76375     -9.46925      4.05825   2     12.32414
      9.46925      4.05825      6.76375   2     12.32414
     -9.46925      4.05825      6.76375   2     12.32414
      4.05825      9.46925      6.76375   2     12.32414
     -4.05825      9.46925      6.76375   2     12.32414
      9.46925     -4.05825      6.76375   2     12.32414
     -9.46925     -4.05825      6.76375   2     12.32414
      4.05825     -9.46925      6.76375   2     12.32414
     -4.05825     -9.46925      6.76375   2     12.32414
      6.76375      4.05825      9.46925   2     12.32414
     -6.76375      4.05825      9.46925   2     12.32414
      4.05825      6.76375      9.46925   2     12.32414
     -4.05825      6.76375      9.46925   2     12.32414
      6.76375     -4.05825      9.46925   2     12.32414
     -6.76375     -4.05825      9.46925   2     12.32414
      4.05825     -6.76375      9.46925   2     12.32414
     -4.05825     -6.76375      9.46925   2     12.32414
     12.17475      1.35275     -1.35275   2     12.32414
    -12.17475      1.35275     -1.35275   2     12.32414
     12.17475     -1.35275     -1.35275   2     12.32414
    -12.17475     -1.35275     -1.35275   2     12.32414
      1.35275     12.17475     -1.35275   2     12.32414
     -1.35275     12.17475     -1.35275   2     12.32414
      1.35275    -12.17475     -1.35275   2     12.32414
     -1.35275    -12.17475     -1.35275   2     12.32414
      9.46925      6.76375     -4.05825   2     12.32414
     -9.46925      6.76375     -4.05825   2     12.32414
      6.76375      9.46925     -4.05825   2     12.32414
     -6.76375      9.46925     -4.05825   2     12.32414
      9.46925     -6.76375     -4.05825   2     12.32414
     -9.46925     -6.76375     -4.05825   2     12.32414
      6.76375     -9.46925     -4.05825   2     12.32414
     -6.76375     -9.46925     -4.05825   2     12.32414
      9.46925      4.05825     -6.76375   2     12.32414
     -9.46925      4.05825     -6.76375   2     12.32414
      4.05825      9.46925     -6.76375   2     12.32414
     -4.05825      9.46925     -6.76375   2     12.32414
      9.46925     -4.05825     -6.76375   2     12.32414
     -9.46925     -4.05825     -6.76375   2     12.32414
      4.05825     -9.46925     -6.76375   2     12.32414
     -4.05825     -9.46925     -6.76375   2     12.32414
      6.76375      4.05825     -9.46925   2     12.32414
     -6.76375      4.05825     -9.46925   2     12.32414
      4.05825      6.76375     -9.46925   2     12.32414
     -4.05825      6.76375     -9.46925   2     12.32414
      6.76375     -4.05825     -9.46925   2     12.32414
     -6.76375     -4.05825     -9.46925   2     12.32414
      4.05825     -6.76375     -9.46925   2     12.32414
     -4.05825     -6.76375     -9.46925   2     12.32414
      1.35275      1.35275     12.17475   2     12.32414
     -1.35275      1.35275     12.17475   2     12.32414
      1.35275     -1.35275     12.17475   2     12.32414
     -1.35275     -1.35275     12.17475   2     12.32414
      1.35275      1.35275    -12.17475   2     12.32414
     -1.35275      1.35275    -12.17475   2     12.32414
      1.35275     -1.35275    -12.17475   2     12.32414
     -1.35275     -1.35275    -12.17475   2     12.32414
      8.11650      8.11650      5.41100   1     12.68992
     -8.11650      8.11650      5.41100   1     12.68992
      8.11650     -8.11650      5.41100   1     12.68992
     -8.11650     -8.11650      5.41100   1     12.68992
      8.11650      5.41100      8.11650   1     12.68992
     -8.11650      5.41100      8.11650   1     12.68992
      5.41100      8.11650      8.11650   1     12.68992
     -5.41100      8.11650      8.11650   1     12.68992
      8.11650     -5.41100      8.11650   1     12.68992
     -8.11650     -5.41100      8.11650   1     12.68992
      5.41100     -8.11650      8.11650   1     12.68992
     -5.41100     -8.11650      8.11650   1     12.68992
      8.11650      8.11650     -5.41100   1     12.68992
     -8.11650      8.11650     -5.41100   1     12.68992
      8.11650     -8.11650     -5.41100   1     12.68992
     -8.11650     -8.11650     -5.41100   1     12.68992
      8.11650      5.41100     -8.11650   1     12.68992
     -8.11650      5.41100     -8.11650   1     12.68992
      5.41100      8.11650     -8.11650   1     12.68992
     -5.41100      8.11650     -8.11650   1     12.68992
      8.11650     -5.41100     -8.11650   1     12.68992
     -8.11650     -5.41100     -8.11650   1     12.68992
      5.41100     -8.11650     -8.11650   1     12.68992
     -5.41100     -8.11650     -8.11650   1     12.68992
     12.17475      4.05825      1.35275   2     12.90441
    -12.17475      4.05825      1.35275   2     12.90441
     12.17475     -4.05825      1.35275   2     12.90441
    -12.17475     -4.05825      1.35275   2     12.90441
      4.05825     12.17475      1.35275   2     12.90441
     -4.05825     12.17475      1.35275   2     12.90441
      4.05825    -12.17475      1.35275   2     12.90441
     -4.05825    -12.17475      1.35275   2     12.90441
     12.17475      1.35275      4.05825   2     12.90441
    -12.17475      1.35275      4.05825   2     12.90441
     12.17475     -1.35275      4.05825   2     12.90441
    -12.17475     -1.35275      4.05825   2     12.90441
      1.35275     12.17475      4.05825   2     12.90441
     -1.35275     12.17475      4.05825   2     12.90441
      1.35275    -12.17475      4.05825   2     12.90441
     -1.35275    -12.17475      4.05825   2     12.90441
     12.17475      4.05825     -1.35275   2     12.90441
    -12.17475      4.05825     -1.35275   2     12.90441
     12.17475     -4.05825     -1.35275   2     12.90441
    -12.17475     -4.05825     -1.35275   2     12.90441
      4.05825     12.17475     -1.35275   2     12.90441
     -4.05825     12.17475     -1.35275   2     12.90441
      4.05825    -12.17475     -1.35275   2     12.90441
     -4.05825    -12.17475     -1.35275   2     12.90441
     12.17475      1.35275     -4.05825   2     12.90441
    -12.17475      1.35275     -4.05825   2     12.90441
     12.17475     -1.35275     -4.05825   2     12.90441
    -12.17475     -1.35275     -4.05825   2     12.90441
      1.35275     12.17475     -4.05825   2     12.90441
     -1.35275     12.17475     -4.05825   2     12.90441
      1.35275    -12.17475     -4.05825   2     12.90441
     -1.35275    -12.17475     -4.05825   2     12.90441
      4.05825      1.35275     12.17475   2     12.90441
     -4.05825      1.35275     12.17475   2     12.90441
      1.35275      4.05825     12.17475   2     12.90441
     -1.35275      4.05825     12.17475   2     12.90441
      4.05825     -1.35275     12.17475   2     12.90441
     -4.05825     -1.35275     12.17475   2     12.90441
      1.35275     -4.05825     12.17475   2     12.90441
     -1.35275     -4.05825     12.17475   2     12.90441
      4.05825      1.35275    -12.17475   2     12.90441
     -4.05825      1.35275    -12.17475   2     12.90441
      1.35275      4.05825    -12.17475   2     12.90441
     -1.35275      4.05825    -12.17475   2     12.90441
      4.05825     -1.35275    -12.17475   2     12.90441
     -4.05825     -1.35275    -12.17475   2     12.90441
      1.35275     -4.05825    -12.17475   2     12.90441
     -1.35275     -4.05825    -12.17475   2     12.90441
