   1.5073304634542688E-004   7.2640343169156636E-006   1.2784544365187603E-006   9.5639184305995470E-007  -2.2379770483826151E-008   416.86716329723288     
   1.5846129489165505E-004   9.0859642650836506E-006   3.5283007788266675E-007   1.0012840921289577E-006  -1.2639983007478855E-008   415.33504192636070     
   1.6658577921391449E-004   8.6979683446341887E-006   1.3144294879267307E-006   9.4032270306440585E-007  -2.1938000038927458E-008   393.71109805225143     
   1.7512681475486631E-004   1.0748933634262533E-005   3.0706156073031127E-007   9.9306462908057251E-007  -1.2542122773578674E-008   392.52991758267171     
   1.8410575855218897E-004   1.0486751386230485E-005   1.3560138618613880E-006   9.2264135367847407E-007  -2.0892862062594705E-008   375.84888832905284     
   1.9354506264229938E-004   1.2733476955294932E-005   2.5767540183801470E-007   9.8461423900871210E-007  -1.1760974451702905E-008   372.84742411414129     
   2.0346833020213646E-004   1.2549119908411880E-005   1.4002454704141234E-006   9.0321673111844560E-007  -2.1286634195625349E-008   358.13174197345421     
   2.1390037456939866E-004   1.5095975831722556E-005   2.0691120632862663E-007   9.7606843467387433E-007  -1.1123761147411573E-008   355.62738712342383     
   2.2486728128881411E-004   1.5101817313668428E-005   1.4523831535232851E-006   8.8185563251347049E-007  -1.9008588228084343E-008   344.34717706643869     
   2.3639647333958716E-004   1.7914012241724519E-005   1.5265497780411790E-007   9.6747341911924094E-007  -1.1083227108910673E-008   340.48076440572731     
   2.4851677970713350E-004   1.8058836045757732E-005   1.5080326526642535E-006   8.5876156845532306E-007  -1.9426773543406155E-008   330.32926057758294     
   2.6125850747055727E-004   2.1268064944259182E-005   9.8861138407365539E-008   9.5865749419929669E-007  -1.0727912806353542E-008   327.00162913170794     
   2.7465351758613609E-004   2.1694330849426044E-005   1.5751965721662874E-006   8.3385783879942241E-007  -1.8471306854782245E-008   319.22351936820064     
   2.8873530455630913E-004   2.5266066057800389E-005   4.2814512292852278E-008   9.4976912918776172E-007  -9.8753597573014327E-009   314.92608057689364     
   3.0353908018337597E-004   2.5920917698071705E-005   1.6482791297459946E-006   8.0683764705481947E-007  -1.6753792836270208E-008   307.74879215026397     
   3.1910186161734775E-004   3.0022016641136201E-005  -9.8948736812322162E-009   9.4108472078354002E-007  -9.6383334511194910E-009   303.95616204000453     
   3.3546256391809968E-004   3.1086598251969028E-005   1.7388720229736897E-006   7.7760119680380258E-007  -1.6793260172224774E-008   298.41765752392945     
   3.5266209736329235E-004   3.5685650077262089E-005  -6.2042332260327351E-008   9.3282698148074893E-007  -9.3084885108179788E-009   293.92485638622549     
   3.7074346974537675E-004   3.7108254083433463E-005   1.8398864260084556E-006   7.4616105988814627E-007  -1.5402228096850516E-008   288.65092078740111     
   3.8975189391347344E-004   4.2417125299040414E-005  -1.0467874531739458E-007   9.2527599211864687E-007  -8.0739541812363991E-009   284.64498548882386     
   4.0973490082904897E-004   4.4428556886159740E-005   1.9689760273902252E-006   7.1222271197770096E-007  -1.3727450444203366E-008   280.51125466119731     
   4.3074245841807571E-004   5.0423242778001799E-005  -1.4049460267261899E-007   9.1859069549739871E-007  -7.3493440219806892E-009   275.98223643766931     
   4.5282709651687429E-004   5.2977002469879733E-005   2.1175493562992580E-006   6.7559314057275948E-007  -1.3418378284105984E-008   271.90226272887725     
   4.7604403822406645E-004   5.9927116100323133E-005  -1.5463920753359581E-007   9.1322797007803929E-007  -6.6912987232889106E-009   267.81801601904897     
   5.0045133798708413E-004   6.3317620818758669E-005   2.3126515225227854E-006   6.3617879933959055E-007  -1.2348121623290294E-008   264.53322777466832     
   5.2611002676852998E-004   7.1212210193488979E-005  -1.4844223003954735E-007   9.0955875429613524E-007  -5.5021055783783450E-009   260.06355308627894     
   5.5308426465537186E-004   7.5404062393166790E-005   2.5450171975445666E-006   5.9367526960774010E-007  -1.0645071096963322E-008   256.72040085614520     
   5.8144150129257964E-004   8.4586418677014505E-005  -9.6861814813564609E-008   9.0814244476767703E-007  -4.5124563734127749E-009   252.64061114953032     
   6.1125264454237212E-004   8.9954759812828242E-005   2.8572684847140854E-006   5.4786900672034635E-007  -1.0483596953560410E-008   249.84730042271937     
   6.4259223779080342E-004   1.0043471523561471E-004   3.0625745871030953E-009   9.0954720343864592E-007  -3.6127880285785402E-009   245.48024895904879     
   6.7553864634506064E-004   1.0696269180628708E-004   3.2420215055728865E-006   4.9849599147619677E-007  -1.0776155460467409E-008   242.56451465622581     
   7.1017425338754689E-004   1.1917664337385243E-004   1.9446077102539797E-007   9.1445040243466318E-007  -2.7092231521551650E-009   238.54062890568835     
   7.4658566597675055E-004   1.2734090379205569E-004   3.7681882370055644E-006   4.4509157425675974E-007  -9.5321117351803287E-009   236.00892831914837     
   7.8486393161000324E-004   1.4132860906809029E-004   4.9127129666504360E-007   9.2370784319374514E-007  -1.0739160901223070E-009   231.76664818836403     
   8.2510476588964468E-004   1.5113994185578204E-004   4.4368722189815151E-006   3.8731487527628218E-007  -9.1574770991634876E-009   229.08589671889578     
   8.6740879186188928E-004   1.6745306064674015E-004   9.6954040442911559E-007   9.3825176769405459E-007   1.8464002914364000E-010   225.13867484145004     
   9.1188179162685057E-004   1.7951374156126282E-004   5.3626826717744878E-006   3.2441690360871412E-007  -1.0163970233666620E-008   222.72258405697275     
   9.5863497084889215E-004   1.9823199314954757E-004   1.6686290763697024E-006   9.5928870190701120E-007   1.8846188872795430E-009   218.61164504756127     
   1.0077852368287135E-003   2.1258951256660738E-004   6.5704477304113530E-006   2.5567466734434055E-007  -1.0726328197593687E-008   216.04033828590838     
   1.0594554908324924E-003   2.3440416611420468E-004   2.7256482068109218E-006   9.8682523195743201E-007   3.8622118756333418E-009   212.18372018815833     
   1.1137749354090728E-003   2.5181105013122833E-004   8.2564305337694599E-006   1.8109296529898955E-007  -1.0629370836474656E-008   209.79904243310591     
   1.1708793974636322E-003   2.7685056937725827E-004   4.2359029582075090E-006   1.0235394941058562E-006   6.5455314509179404E-009   205.81792178362437     
   1.2309116678956896E-003   2.9739810723303337E-004   1.0502739901350480E-005   9.9090289999533883E-008  -1.3091728076995707E-008   203.28619216227483     
   1.2940218586507430E-003   3.2651512907855908E-004   6.4518562141804102E-006   1.0708345589371498E-006   9.5895257041451521E-009   199.52717343088696     
   1.3603677780783068E-003   3.5112810229758938E-004   1.3655382059234141E-005   8.2323383875196636E-009  -1.5137420825579164E-008   197.12688770058361     
   1.4301153255349970E-003   3.8450156125521714E-004   9.5881625541430997E-006   1.1306081714687429E-006   1.3062853825088612E-008   193.28011626235678     
   1.5034389062193320E-003   4.1331362467706030E-004   1.7925177701885564E-005  -9.2770179387288574E-008  -1.7924260636046979E-008   190.75142086519966     
   1.5805218672755657E-003   4.5197220775138080E-004   1.4118198381333621E-005   1.2049838651839244E-006   1.7505379628628435E-008   187.10301757617702     
   1.6615569562570659E-003   4.8609203249474944E-004   2.3938081552348571E-005  -2.0599480204425049E-007  -2.2446988214173735E-008   184.67393056362664     
   1.7467468030955748E-003   5.3024963654837499E-004   2.0505547762920587E-005   1.2964717832785875E-006   2.2717916661971487E-008   180.97153870451908     
   1.8363044267815996E-003   5.6983221032453604E-004   3.2181965304197635E-005  -3.3320721140433419E-007  -2.6458946550535445E-008   178.44031186260216     
   1.9304537680228399E-003   6.2068764770593986E-004   2.9650233334601622E-005   1.4079379598378967E-006   2.8582099599150872E-008   174.92408302859502     
   2.0294302492125955E-003   6.6701279794565424E-004   4.3813931266713926E-005  -4.7753545584246538E-007  -3.2294930543101138E-008   172.48070028357054     
   2.1334813631083945E-003   7.2476982207024521E-004   4.2527042118077195E-005   1.5427179207891690E-006   3.6009125882725346E-008   168.94607663265191     
   2.2428672916927758E-003   7.7795534152340742E-004   5.9901239266948168E-005  -6.4138459147321361E-007  -4.0906970877452846E-008   166.43534827478317     
   2.3578615567637876E-003   8.4393445976144654E-004   6.0862754128954746E-005   1.7046189827144725E-006   4.5003457167051559E-008   163.08795471981307     
   2.4787517038819479E-003   9.0537217782879877E-004   8.2616312915261448E-005  -8.2936591760941986E-007  -5.0222952528619072E-008   160.67059584936467     
   2.6058400213839102E-003   9.7966636435887957E-004   8.6665490386962792E-005   1.8981706484350642E-006   5.6344821749171477E-008   157.34717245291083     
   2.7394442962607869E-003   1.0493176663118444E-003   1.1421069235402134E-004  -1.0445019731154338E-006  -6.1523065230023111E-008   154.90887304092661     
   2.8798986087911226E-003   1.1332491236953337E-003   1.2326280671287121E-004   2.1285022518101293E-006   7.0315456534474552E-008   151.78776532241741     
   3.0275541679156293E-003   1.2124761080557983E-003   1.5879979600207561E-004  -1.2935247381173134E-006  -7.7042834888532073E-008   149.46661171020176     
   3.1827801894424670E-003   1.3058380164710805E-003   1.7471806856026822E-004   2.4017351061782262E-006   8.7587095159059343E-008   146.42148020428817     
   3.3459648192790685E-003   1.3942292253695076E-003   2.2100607805407806E-004  -1.5803129062049802E-006  -9.6164168448180869E-008   144.13814852132569     
   3.5175161039991141E-003   1.4981183008222546E-003   2.4744002356736115E-004   2.7250094933122187E-006   1.0898040812911430E-007   141.32810593136239     
   3.6978630111714683E-003   1.5967445479729120E-003   3.0864514814921048E-004  -1.9149784491993843E-006  -1.1985094123498656E-007   139.20493325710007     
   3.8874565020025746E-003   1.7103322597095366E-003   3.4950605656429277E-004   3.1070538916934007E-006   1.3550371707562358E-007   136.53535449391461     
   4.0867706589743525E-003   1.8180537062292090E-003   4.3098176806602841E-004  -2.3016513041465103E-006  -1.4921800804959239E-007   134.52334605052542     
   4.2963038712973290E-003   1.9418340869072643E-003   4.9318157780097263E-004   3.5575276525366913E-006   1.6840105615072482E-007   132.13978627489246     
   4.5165800811433031E-003   2.0590146911896473E-003   6.0279785585754355E-004  -2.7546151848711885E-006  -1.8561864746393091E-007   130.35043477120774     
   4.7481500937736308E-003   2.1910528534343872E-003   6.9421638466580788E-004   4.0886811968385799E-006   2.0925458023384106E-007   128.18564220983185     
   4.9915929548393252E-003   2.3153034559803831E-003   8.4221690308291543E-004  -3.2769239237107458E-006  -2.3073195447268911E-007   126.59539946566539     
   5.2475173982967794E-003   2.4549458949668641E-003   9.7579338320582826E-004   4.7142641916912214E-006   2.6003374201930118E-007   124.78488673203023     
   5.5165633685597100E-003   2.5853411096450965E-003   1.1768821949247961E-003  -3.8893468601370138E-006  -2.8665261402581544E-007   123.49694536230783     
   5.7994036206935832E-003   2.7289175932314579E-003   1.3679326108168161E-003   5.4513921048936716E-006   3.2256976983142808E-007   121.99583408404415     
   6.0967454026536255E-003   2.8611658094529345E-003   1.6413057428162337E-003  -4.5924314121494525E-006  -3.5618204173343105E-007   121.00583138203194     
   6.4093322237731599E-003   3.0062054223108483E-003   1.9135937939502401E-003   6.3207608541455433E-006   4.0010934121486398E-007   119.93927633550317     
   6.7379457139241945E-003   3.1374251180977582E-003   2.2861746937330777E-003  -5.4136661207648439E-006  -4.4251815648711827E-007   119.34116468468511     
   7.0834075779992126E-003   3.2778672556871822E-003   2.6683816447419196E-003   7.3500194611304364E-006   4.9612922376659872E-007   118.67920105445000     
   7.4465816506014745E-003   3.4012526941229028E-003   3.1751260075732961E-003  -6.3438960735166062E-006  -5.4908313513254105E-007   118.47908684957601     
   7.8283760560813945E-003   3.5322295436283411E-003   3.7096799478124332E-003   8.5716829373314896E-006   6.1527642642212702E-007   118.33139353866501     
   8.2297454793205001E-003   3.6424513616663554E-003   4.3983803733473872E-003  -7.4183405670659382E-006  -6.8113404365830306E-007   118.60749834748194     
   8.6516935529408878E-003   3.7551673938954707E-003   5.1366983403482395E-003   1.0033938780899965E-005   7.6300220235302839E-007   118.94702160227779     
   9.0952753669095530E-003   3.8427416290955176E-003   6.0685246222542929E-003  -8.6010400103496692E-006  -8.4458575384961705E-007   119.70223388094772     
   9.5616001068128485E-003   3.9299351069183005E-003   7.0834041947363995E-003   1.1797351248412553E-005   9.4597988692357425E-007   120.61246866951265     
   1.0051833827398250E-002   3.9873461368644478E-003   8.3394996525952662E-003  -9.9260189648930913E-006  -1.0477332419260712E-006   121.89639671181536     
   1.0567202368318563E-002   4.0381157801719081E-003   9.7180712498187057E-003   1.3956129250252604E-005   1.1723208963805280E-006   123.33428335730892     
   1.1108994419369571E-002   4.0542485103863355E-003   1.1399715376692847E-002  -1.1288796916553049E-005  -1.2999404253958435E-006   125.12677020920509     
   1.1678564742885790E-002   4.0603584850715324E-003   1.3259868371273202E-002   1.6641626276561574E-005   1.4531535196930394E-006   127.13146433539981     
   1.2277337561351921E-002   4.0274520822474597E-003   1.5496197580661541E-002  -1.2685696011638689E-005  -1.6137264148615102E-006   129.43326776015419     
   1.2906810118700974E-002   3.9785275763159237E-003   1.7974822627032937E-002   2.0064456643274378E-005   1.8023421337866411E-006   131.92195785244073     
   1.3568556424203930E-002   3.8871563798376601E-003   2.0920512188300773E-002  -1.3836573781783189E-005  -2.0016546925446534E-006   134.66377977868078     
   1.4264231188312809E-002   3.7778970161155426E-003   2.4192674087030398E-002   2.4536815573658721E-005   2.2349813261795363E-006   137.60652000619947     
   1.4995573960298693E-002   3.6247332500475887E-003   2.8034154362426851E-002  -1.4585152057569522E-005  -2.4736149680468244E-006   140.71592072285131     
   1.5764413478030960E-002   3.4509094087618580E-003   3.2291429751354774E-002   3.0571379269151454E-005   2.7642142157935370E-006   143.96228413698785     
   1.6572672240774574E-002   3.2346588391996391E-003   3.7236864774376759E-002  -1.4212423929206482E-005  -3.0541352318293305E-006   147.29420707161265     
   1.7422371316439582E-002   3.0009318887997114E-003   4.2705078797978212E-002   3.8951385965064929E-005   3.4198884083161944E-006   150.72168526609963     
   1.8315635395303648E-002   2.7303939613296628E-003   4.8982376710781983E-002  -1.2082740771252889E-005  -3.7684832920358756E-006   154.10835968484417     
   1.9254698102844373E-002   2.4471287655364691E-003   5.5880144627886631E-002   5.0957680113141647E-005   4.2291626781425866E-006   157.47873762883529     
   2.0241907584966551E-002   2.1379657074744479E-003   6.3709483180009921E-002  -6.3954190503684162E-006  -4.6377536931505300E-006   160.68232456980371     
   2.1279732379589938E-002   1.8284155399567654E-003   7.2255983269652185E-002   6.8571085752215067E-005   5.2301525883359306E-006   163.77160898162830     
   2.2370767589279892E-002   1.5098658245038951E-003   8.1828692075828380E-002   4.8034530444584762E-006  -5.6973994198103331E-006   166.52670504819227     
   2.3517741370355512E-002   1.2068217694582155E-003   9.2167748732548418E-002   9.4966986586806512E-005   6.4745259968045630E-006   169.01290257254823     
   2.4723521754701414E-002   9.1799475861635473E-004  0.10358841918930961        2.5876871795911443E-005  -6.9641794928789304E-006   171.00348587567458     
   2.5991123821341430E-002   6.6753305868062535E-004  0.11577597507306064        1.3501201468678673E-004   8.0287026423213863E-006   172.58723626347509     
   2.7323717235706597E-002   4.5952681548885334E-004  0.12901139490648716        6.2057346362002792E-005  -8.4711448937864161E-006   173.49077917169089     
   2.8724634175449733E-002   3.1506733062417489E-004  0.14289486571155188        1.9629048134019931E-004   9.9942502232730501E-006   173.81982156864629     
   3.0197377662625272E-002   2.4418232120588645E-004  0.15767909878046277        1.2345037168944538E-004  -1.0196661493096243E-005   173.30979827562180     
   3.1745630323068923E-002   2.6275108419380241E-004  0.17286629033079415        2.9014081705460115E-004   1.2522004666125708E-005   172.09591675971453     
   3.3373263594880617E-002   3.8389218658739375E-004  0.18862852295963592        2.2266984683840218E-004  -1.2106458429311041E-005   169.89505974703121     
   3.5084347409036189E-002   6.1507050831138377E-004  0.20433831019620566        4.3356852170809616E-004   1.5865606925866496E-005   166.87440464460678     
   3.6883160366334787E-002   9.6989211871516474E-004  0.22010160478055874        3.8162425173004111E-004  -1.4007457829551793E-005   162.78057731028497     
   3.8774200436129516E-002   1.4422339023076540E-003  0.23516043726055552        6.5102774611953778E-004   2.0450169022451589E-005   157.82480289289876     
   4.0762196203593573E-002   2.0428765413636968E-003  0.24951140769201505        6.2761069377811961E-004  -1.5556332579543439E-005   151.76680731029433     
   4.2852118693646413E-002   2.7498052882881517E-003  0.26225994973555622        9.7734282728993032E-004   2.7036290619131736E-005   144.86761500817678     
   4.5049193801105177E-002   3.5662969211288933E-003  0.27334879074586055        1.0038604280997168E-003  -1.5877539963723227E-005   136.93819640363228     
   4.7358915358143815E-002   4.4487707493919811E-003  0.28179580375689550        1.4597665429868121E-003   3.7001290338654723E-005   128.29537344611762     
   4.9787058871735207E-002   5.3925455825907425E-003  0.28749758357104477        1.5620293388720293E-003  -1.3444754424488147E-005   118.78671616361844     
   5.2339695965426716E-002   6.3356732700555422E-003  0.28945317219554528        2.1608389397076541E-003   5.2839180421422377E-005   108.78559146091339     
   5.5023209561561898E-002   7.2633620381622474E-003  0.28765126273087027        2.3763208430502471E-003  -5.0145366476488616E-006   98.194999478113616     
   5.7844309841910892E-002   8.0954418402339780E-003  0.28121650320519931        3.1581414317195357E-003   7.9084757572896251E-005   87.436748211755869     
   6.0810051026620092E-002   8.8153760739928377E-003  0.27032381022596363        3.5272172175652336E-003   1.5054636273115652E-005   76.446036293796510     
   6.3927849013436913E-002   9.3396702767529483E-003  0.25439168823651598        4.5429123419012318E-003   1.2390380570513788E-004   65.678056160092396     
   6.7205499921316733E-002   9.6560598363783258E-003  0.23399792583770379        5.1159176895092745E-003   5.7630237108443531E-005   55.093480972240727     
   7.0651199584781429E-002   9.6887264635070938E-003  0.20906699482262173        6.4107906799261601E-003   2.0179504693578219E-004   45.152660371269008     
   7.4273564047774465E-002   9.4488179187044979E-003  0.18069693971137890        7.2293893008016259E-003   1.4128869743831624E-004   35.805748541548809     
   7.8081651108258682E-002   8.8932014495164587E-003  0.14948382028490986        8.8479086946961182E-003   3.3809787640820348E-004   27.487108308569386     
   8.2084982967429360E-002   8.0664955253159417E-003  0.11717368443691126        9.9483197646566164E-003   2.9948048567289315E-004   20.109871645338597     
   8.6293570040176709E-002   6.9714882365523702E-003   8.5102022724145895E-002   1.1902883293744587E-002   5.7617081789607550E-004   14.043602045907008     
   9.0717935986337761E-002   5.7010618880616402E-003   5.5549424150716904E-002   1.3281897122155467E-002   5.8758047831682233E-004   9.1298727015907311     
   9.5369144025327257E-002   4.3171127261748274E-003   3.0450600287508803E-002   1.5553300987974845E-002   9.8862892381474765E-004   5.6449761743653966     
  0.10025882459994871        2.9517967555448936E-003   1.2320817242218233E-002   1.7167462484523825E-002   1.0993542814342124E-003   3.3392408884518137     
  0.10539920445855964        1.7132969224334725E-003   3.2816108314770312E-003   1.9658443237610391E-002   1.6939132652890872E-003   2.3759438416658916     
  0.11080313722831070        7.5316854548961401E-004   5.4420447852939558E-003   2.1378680126526422E-002   1.9832560631334864E-003   2.4108896164003317     
  0.11648413555590921        1.9559413249696023E-004   2.0437566099432022E-002   2.3921100659567571E-002   2.8800102964708918E-003   3.5010356539109826     
  0.12245640489627406        1.6259638295843101E-004   4.9131486902339046E-002   2.5543643869362507E-002   3.4749660144779309E-003   5.2269718026692535     
  0.12873487903357234        7.4139756136221840E-004   9.1842424427982586E-002   2.7857792848613557E-002   4.8358643931568218E-003   7.5656349933803115     
  0.13533525742345850        1.9698985932944612E-003  0.14734010018654989        2.9075372797396439E-002   5.9263026435403560E-003   10.069134280962457     
  0.14227404444989064        3.8400851706841014E-003  0.21397009951475368        3.0819296710454702E-002   7.9908165349207860E-003   12.685584123884967     
  0.14956859069468770        6.2593498621202779E-003  0.28788987655895443        3.1284639263047836E-002   9.8562191644833569E-003   14.995748724770229     
  0.15723713632302108        9.0929884837408267E-003  0.36533525712012876        3.2064648312164108E-002   1.2957951020433858E-002   16.975480082937235     
  0.16529885669332869        1.2110384003669108E-002  0.44017550867510924        3.1425378574676845E-002   1.5982666577494135E-002   18.297980128374142     
  0.17377391030569905        1.5061656732216742E-002  0.50736304633051710        3.0929347076772355E-002   2.0575450627483449E-002   19.018036503794360     
  0.18268348920862110        1.7639932676243711E-002  0.55979905992150392        2.8974482102000182E-002   2.5273042145175399E-002   18.940530603106115     
  0.19204987199014462        1.9569865322153924E-002  0.59297471428143422        2.7054872367049433E-002   3.1931436544693353E-002   18.221712505847538     
  0.20189647948595435        2.0584771493288606E-002  0.60124193745844656        2.3813848267082365E-002   3.8935033949306246E-002   16.809871530776917     
  0.21224793334365866        2.0510529707188845E-002  0.58315286341738837        2.0667273293840899E-002   4.8356161940517388E-002   14.949973650068337     
  0.22313011758973345        1.9275894758590800E-002  0.53711146708112256        1.6564768153634675E-002   5.8406902643421015E-002   12.699873045874661     
  0.23457024335307022        1.6946268216451694E-002  0.46691704920371524        1.2784168166930820E-002   7.1350265034703514E-002   10.343796353383935     
  0.24659691690697286        1.3739213507054428E-002  0.37690255627184727        8.6593245185980633E-003   8.5216068055820465E-002   7.9897728842548554     
  0.25924021119974061        1.0001567658812910E-002  0.27671024615006418        5.2662481006651111E-003  0.10243199931978235        5.8929769722994854     
  0.27253174105270328        6.2243086713553407E-003  0.17617598730428924        2.3160565759354954E-003  0.12080884185930543        4.1389668941026398     
  0.28650474221374228        2.9443693840025187E-003   8.8668116513632725E-002   5.6673145602971443E-004  0.14286859988226960        2.8909774708028348     
  0.30119415446397091        7.3082669604971782E-004   2.6334433379995324E-002   7.6467590896475994E-005  0.16618501159625204        2.1596994026718326     
  0.31663670898538815        6.6811283564343536E-005   1.3513381595195366E-003   1.1521013640510558E-003  0.19331539363003677        1.9841996560055692     
  0.33287102020796505        1.3014326937214962E-003   2.2604035198885482E-002   4.0978187897754937E-003  0.22155338685440532        2.2835382925356811     
  0.34993768236583300        4.5727617870820513E-003   9.4845312195737927E-002   8.6450264986382107E-003  0.25339345713025446        2.9843470062365443     
  0.36787937100401435        9.7301088120248739E-003  0.21810539123325509        1.5234823801284495E-002  0.28585889155357036        3.9414180982592821     
  0.38674094968951223        1.6399574481937733E-002  0.38503844305010143        2.2938575217057094E-002  0.32133399842265226        5.0196629479938863     
  0.40656958219359818        2.3861525424962209E-002  0.58436836896424982        3.2259766586436700E-002  0.35656790967355279        6.0657622244226550     
  0.42741485042580590        3.1326973279542383E-002  0.79679587741938340        4.1663637258844151E-002  0.39376929608193711        6.9506988762185893     
  0.44932887841453123        3.7762547548112958E-002   1.0028481269891616        5.1690699440578573E-002  0.42949764445191124        7.5710046617067883     
  0.47236646264425380        4.2375700294870144E-002   1.1775995261487027        6.0356612105589451E-002  0.46581038567797750        7.8586417949279364     
  0.49658520907528836        4.4315111229385952E-002   1.3022516503816737        6.8344391372067104E-002  0.49916699668359804        7.7938115600313420     
  0.52204567718869588        4.3304317730367727E-002   1.3571692607721915        7.3556530868549685E-002  0.53150481721568466        7.3896362979248842     
  0.54881153141652461        3.9193819673127225E-002   1.3351003159649968        7.6925943361056195E-002  0.55939171175802116        6.7045963622751961     
  0.57694970033605397        3.2581702071500108E-002   1.2321881492436029        7.6584487544975322E-002  0.58477425787170967        5.8139715439309594     
  0.60653054402610240        2.4194007660141851E-002   1.0601791194009167        7.3875195289686543E-002  0.60449459891477442        4.8172712709435421     
  0.63762803000386636        1.5386119369467984E-002  0.83517203258797956        6.7501944512121784E-002  0.62054634165164957        3.8081473477480192     
  0.67031991818224934        7.4653206953948894E-003  0.58656006396100457        5.9181484208242124E-002  0.63024629809596444        2.8780999709313031     
  0.70468795531014050        1.9560582229301484E-003  0.34502610956984026        4.8322537109502774E-002  0.63570537613765354        2.0959758119550878     
  0.74081807938186928        5.0475105068397295E-005  0.14725353193698296        3.6902413712021680E-002  0.63474170505592398        1.5099628512762087     
  0.77880063452695869        2.6402310497162644E-003   2.5432809642616499E-002   2.5013514742862768E-002  0.62953535468785837        1.1413164827190951     
  0.81873059691749817        1.0115319221857925E-002   8.1616655644405449E-003   1.4555299795931353E-002  0.61845732921114693       0.98560057822113856     
  0.86070781225805559        2.2152696647648504E-002  0.11445074043886158        6.0881703684495013E-003  0.60373234170932666        1.0198655383838435     
  0.90483724545193578        3.8038802554598954E-002  0.35173600181873876        1.1072349929731812E-003  0.58418747705997098        1.2016259073026907     
  0.95122924306811707        5.6228506255810280E-002  0.71651332804098411        3.6313570686710543E-004  0.56198369123340208        1.4847338383377455     
  0.99999980926515564        7.5193588161221736E-002   1.1904383841535491        4.6148514359232364E-003  0.53636597979219947        1.8145040412490225     
   1.0512708958619938        9.2742299231832748E-002   1.7480715428295743        1.4562573649840475E-002  0.50936591801670483        2.1464326463415433     
   1.1051707072810442       0.10730819541986056        2.3511458246696848        3.0073586415797597E-002  0.48048256949446516        2.4364866857982572     
   1.1618340211260101       0.11698365453487476        2.9622203500234798        5.1643666223471794E-002  0.45150361334236067        2.6586332654678317     
   1.2214025251961040       0.12098430509852676        3.5368321000786325        7.8301975012644590E-002  0.42212546156526215        2.7913132690735494     
   1.2840251717793534       0.11846792912396625        4.0401601737090447       0.11037777835096853       0.39386298540015235        2.8314574004956632     
   1.3498585501108922       0.10996205839052987        4.4364539411674420       0.14624952106078692       0.36650231666330985        2.7792268315776920     
   1.4190672779276288        9.6020772636058252E-002   4.7063646472768053       0.18618449063095649       0.34126958523807960        2.6489303853767798     
   1.4918244130983194        7.8384406172439705E-002   4.8337415902526262       0.22832994614639016       0.31807111528987753        2.4544687314633840     
   1.5683118863583871        5.8712052608841138E-002   4.8207555361485621       0.27315789254272077       0.29792028971309537        2.2174824318222561     
   1.6487209562315333        3.9390361648820926E-002   4.6729038469734183       0.31892982603344155       0.28082187732424790        1.9553636545106932     
   1.7332526872756489        2.2497047396382194E-002   4.4112862759413618       0.36652435598093042       0.26767697336876906        1.6879286201585135     
   1.8221184528489625        1.0242038760602179E-002   4.0575302579054489       0.41483689937765555       0.25875040596600718        1.4288249896135263     
   1.9155404636535147        4.3972556487716034E-003   3.6427405420195726       0.46544543714160524       0.25505993675067551        1.1909285980533775     
   2.0137523233776657        6.4116439390661615E-003   3.1943303506082965       0.51816255099447950       0.25736385901433873       0.98102282106949168     
   2.1169996128270059        1.7349619262455814E-002   2.7430689816934408       0.57550937784048439       0.26721995863507803       0.80436538776406896     
   2.2255405040042664        3.7777691731042770E-002   2.3132352275396397       0.63885725527616322       0.28653382080498435       0.66181545963467425     
   2.3396464056738120        6.8164724109276556E-002   1.9279279679148627       0.71222125463973929       0.31830578898856510       0.55317871000661745     
   2.4596026420249339       0.10857865407503180        1.6032507606193518       0.79921612482634330       0.36689187527247918       0.47594169843604284     
   2.5857091661309148       0.15940412627170419        1.3529260808642629       0.90640234064402625       0.43871520699787075       0.42757386005137238     
   2.7182813099879839       0.22103226853359126        1.1862810881637484        1.0418010919131779       0.54374668965449791       0.40520453011253466     
   2.8576505730095247       0.29469570673645978        1.1116711954793626        1.2176486341271777       0.69668728613686115       0.40678801546924864     
   3.0041654509472928       0.38222191945842737        1.1366107558849352        1.4506475685975078       0.92054963267466638       0.43116100405026470     
   3.1581923073123357       0.48693629508595948        1.2712649057491112        1.7652137607172480        1.2496598919837094       0.47866638052832866     
   3.3201162894745604       0.61322493032403913        1.5286953113737365        2.1946594475114569        1.7360312924702264       0.55101139564358415     
   3.4903422917318205       0.76727947617462466        1.9281330041871192        2.7858094527489099        2.4568402284018305       0.65170733129042868     
   3.6692959677565180       0.95864980736723338        2.4996427003495993        3.6084968769438870        3.5303663183730229       0.78719595333764936     
   3.8574247949515148        1.2027097138034355        3.2912594902095669        4.7699570341505693        5.1406690898479965       0.96817064819073628     
   4.0551991933767413        0.0000000000000000        0.0000000000000000        0.0000000000000000        0.0000000000000000        0.0000000000000000     
   4.2631137020443308        0.0000000000000000        0.0000000000000000        0.0000000000000000        0.0000000000000000        0.0000000000000000     
   4.4816882155237971        0.0000000000000000        0.0000000000000000        0.0000000000000000        0.0000000000000000        0.0000000000000000     
   4.7114692839492127        0.0000000000000000        0.0000000000000000        0.0000000000000000        0.0000000000000000        0.0000000000000000     
   4.9530314796792441        0.0000000000000000        0.0000000000000000        0.0000000000000000        0.0000000000000000        0.0000000000000000     
   5.2069788340273639        0.0000000000000000        0.0000000000000000        0.0000000000000000        0.0000000000000000        0.0000000000000000     
   5.4739463476546923        0.0000000000000000        0.0000000000000000        0.0000000000000000        0.0000000000000000        0.0000000000000000     
   5.7546015784024842        0.0000000000000000        0.0000000000000000        0.0000000000000000        0.0000000000000000        0.0000000000000000     
   6.0496463105343823        0.0000000000000000        0.0000000000000000        0.0000000000000000        0.0000000000000000        0.0000000000000000     
   6.3598183095626428        0.0000000000000000        0.0000000000000000        0.0000000000000000        0.0000000000000000        0.0000000000000000     
   6.6858931670462356        0.0000000000000000        0.0000000000000000        0.0000000000000000        0.0000000000000000        0.0000000000000000     
   7.0286862399736565        0.0000000000000000        0.0000000000000000        0.0000000000000000        0.0000000000000000        0.0000000000000000     
   7.3890546895801847        0.0000000000000000        0.0000000000000000        0.0000000000000000        0.0000000000000000        0.0000000000000000     
   7.7678996246973684        0.0000000000000000        0.0000000000000000        0.0000000000000000        0.0000000000000000        0.0000000000000000     
   8.1661683549945003        0.0000000000000000        0.0000000000000000        0.0000000000000000        0.0000000000000000        0.0000000000000000     
   8.5848567597462662        0.0000000000000000        0.0000000000000000        0.0000000000000000        0.0000000000000000        0.0000000000000000     
   9.0250117780495689        0.0000000000000000        0.0000000000000000        0.0000000000000000        0.0000000000000000        0.0000000000000000     
   9.4877340267167067        0.0000000000000000        0.0000000000000000        0.0000000000000000        0.0000000000000000        0.0000000000000000     
   9.9741805523905889        0.0000000000000000        0.0000000000000000        0.0000000000000000        0.0000000000000000        0.0000000000000000     
   10.485567724764062        0.0000000000000000        0.0000000000000000        0.0000000000000000        0.0000000000000000        0.0000000000000000     
   11.023174278137773        0.0000000000000000        0.0000000000000000        0.0000000000000000        0.0000000000000000        0.0000000000000000     
   11.588344508921873        0.0000000000000000        0.0000000000000000        0.0000000000000000        0.0000000000000000        0.0000000000000000     
   12.182491637077383        0.0000000000000000        0.0000000000000000        0.0000000000000000        0.0000000000000000        0.0000000000000000     
   12.807101339902093        0.0000000000000000        0.0000000000000000        0.0000000000000000        0.0000000000000000        0.0000000000000000     
   13.463735466997706        0.0000000000000000        0.0000000000000000        0.0000000000000000        0.0000000000000000        0.0000000000000000     
   14.154035945707449        0.0000000000000000        0.0000000000000000        0.0000000000000000        0.0000000000000000        0.0000000000000000     
   14.879728886789509        0.0000000000000000        0.0000000000000000        0.0000000000000000        0.0000000000000000        0.0000000000000000     
   15.642628900593213        0.0000000000000000        0.0000000000000000        0.0000000000000000        0.0000000000000000        0.0000000000000000     
   16.444643634529918        0.0000000000000000        0.0000000000000000        0.0000000000000000        0.0000000000000000        0.0000000000000000     
   17.287778543185254        0.0000000000000000        0.0000000000000000        0.0000000000000000        0.0000000000000000        0.0000000000000000     
   18.174141903000280        0.0000000000000000        0.0000000000000000        0.0000000000000000        0.0000000000000000        0.0000000000000000     
   19.105950084060524        0.0000000000000000        0.0000000000000000        0.0000000000000000        0.0000000000000000        0.0000000000000000     
   20.085533092175908        0.0000000000000000        0.0000000000000000        0.0000000000000000        0.0000000000000000        0.0000000000000000     
   21.115340395108696        0.0000000000000000        0.0000000000000000        0.0000000000000000        0.0000000000000000        0.0000000000000000     
   22.197947047518841        0.0000000000000000        0.0000000000000000        0.0000000000000000        0.0000000000000000        0.0000000000000000     
   23.336060129942076        0.0000000000000000        0.0000000000000000        0.0000000000000000        0.0000000000000000        0.0000000000000000     
   24.532525517901004        0.0000000000000000        0.0000000000000000        0.0000000000000000        0.0000000000000000        0.0000000000000000     
   25.790334998076592        0.0000000000000000        0.0000000000000000        0.0000000000000000        0.0000000000000000        0.0000000000000000     
   27.112633749332943        0.0000000000000000        0.0000000000000000        0.0000000000000000        0.0000000000000000        0.0000000000000000     
   28.502728207302802        0.0000000000000000        0.0000000000000000        0.0000000000000000        0.0000000000000000        0.0000000000000000     
   29.964094332199064        0.0000000000000000        0.0000000000000000        0.0000000000000000        0.0000000000000000        0.0000000000000000     
   31.500386300525484        0.0000000000000000        0.0000000000000000        0.0000000000000000        0.0000000000000000        0.0000000000000000     
   33.115445642421740        0.0000000000000000        0.0000000000000000        0.0000000000000000        0.0000000000000000        0.0000000000000000     
   34.813310847489355        0.0000000000000000        0.0000000000000000        0.0000000000000000        0.0000000000000000        0.0000000000000000     
   36.598227463119422        0.0000000000000000        0.0000000000000000        0.0000000000000000        0.0000000000000000        0.0000000000000000     
   38.474658710572697        0.0000000000000000        0.0000000000000000        0.0000000000000000        0.0000000000000000        0.0000000000000000     
   40.447296645357056        0.0000000000000000        0.0000000000000000        0.0000000000000000        0.0000000000000000        0.0000000000000000     
