# # 13-atom                                                      FEFF 9.05   
# # POT  Non-SCF, core-hole, AFOLP (folp(0)= 1.150)
# # Abs   Z=30 Rmt= 1.346 Rnm= 1.427 K  shell
# # Pot 1 Z= 7 Rmt= 0.763 Rnm= 0.992
# # Pot 2 Z= 6 Rmt= 0.811 Rnm= 1.117
# # Gam_ch=1.897E+00 H-L exch
# # Mu= 6.703E+00 kf=2.524E+00 Vint=-1.757E+01 Rs_int= 1.437
# # PATH  Rmax= 3.070,  Keep_limit= 0.00, Heap_limit 0.00  Pwcrit= 2.50%
#  S02=1.000  Temp= 300.00  Debye_temp= 600.00  Global_sig2= 0.00000
#  Curved wave amplitude ratio filter   4.000%
#     file         sig2 tot  cw amp ratio   deg  nlegs   reff  inp sig2
#           1       0.00248    100.00      2.00     2   1.9832
#           2       0.00250     99.96      2.00     2   1.9835
#           3       0.00322     36.16      2.00     2   2.9510
#           4       0.00315     35.16      2.00     2   2.9861
#           5       0.00325     34.47      2.00     2   3.0115
#           6       0.00316     33.71      2.00     2   3.0399
#     6/   6 paths used
#  xsedge+50, used to normalize mu           2.2523E-04
#  -----------------------------------------------------------------------
#  omega    e    k    mu    mu0     chi     @#
    9663.644      6.712   0.050  7.69960E-01  5.49293E-01  2.01743E-01
    9663.673      6.741   0.100  7.78331E-01  5.56278E-01  2.03014E-01
    9663.720      6.789   0.150  8.03088E-01  5.76908E-01  2.06805E-01
    9663.787      6.855   0.200  8.27833E-01  5.97538E-01  2.10585E-01
    9663.873      6.941   0.250  8.67111E-01  6.30004E-01  2.16835E-01
    9663.978      7.046   0.300  9.06346E-01  6.62471E-01  2.23048E-01
    9664.101      7.170   0.350  9.54455E-01  7.01247E-01  2.31631E-01
    9664.244      7.312   0.400  1.00246E+00  7.40023E-01  2.40119E-01
    9664.406      7.474   0.450  1.05137E+00  7.77332E-01  2.50802E-01
    9664.587      7.655   0.500  1.10006E+00  8.14642E-01  2.61284E-01
    9664.787      7.855   0.550  1.14410E+00  8.45240E-01  2.73688E-01
    9665.006      8.074   0.600  1.18771E+00  8.75838E-01  2.85717E-01
    9665.244      8.313   0.650  1.22528E+00  8.98777E-01  2.99266E-01
    9665.502      8.570   0.700  1.26213E+00  9.21716E-01  3.12175E-01
    9665.778      8.846   0.750  1.29361E+00  9.38291E-01  3.26055E-01
    9666.073      9.141   0.800  1.32399E+00  9.54866E-01  3.38931E-01
    9666.387      9.456   0.850  1.34979E+00  9.66682E-01  3.52067E-01
    9666.721      9.789   0.900  1.37398E+00  9.78497E-01  3.63735E-01
    9667.073     10.141   0.950  1.39403E+00  9.86910E-01  3.74812E-01
    9667.445     10.513   1.000  1.41187E+00  9.95323E-01  3.83872E-01
    9667.835     10.903   1.050  1.42541E+00  1.00125E+00  3.91352E-01
    9668.245     11.313   1.100  1.43610E+00  1.00717E+00  3.96221E-01
    9668.673     11.742   1.150  1.44203E+00  1.01126E+00  3.98497E-01
    9669.121     12.189   1.200  1.44453E+00  1.01535E+00  3.97592E-01
    9669.588     12.656   1.250  1.44169E+00  1.01805E+00  3.93115E-01
    9670.074     13.142   1.300  1.43496E+00  1.02075E+00  3.84994E-01
    9670.578     13.646   1.350  1.42237E+00  1.02238E+00  3.72482E-01
    9671.102     14.170   1.400  1.40565E+00  1.02401E+00  3.56075E-01
    9671.645     14.713   1.450  1.38279E+00  1.02477E+00  3.34747E-01
    9672.207     15.275   1.500  1.35593E+00  1.02554E+00  3.09586E-01
    9672.788     15.856   1.550  1.32308E+00  1.02562E+00  2.79385E-01
    9673.388     16.456   1.600  1.28681E+00  1.02571E+00  2.45815E-01
    9674.007     17.075   1.650  1.24517E+00  1.02524E+00  2.07595E-01
    9674.646     17.714   1.700  1.20115E+00  1.02476E+00  1.66927E-01
    9675.303     18.371   1.750  1.15299E+00  1.02384E+00  1.22553E-01
    9675.979     19.047   1.800  1.10394E+00  1.02292E+00  7.71009E-02
    9676.674     19.742   1.850  1.05249E+00  1.02166E+00  2.94221E-02
    9677.389     20.457   1.900  1.00201E+00  1.02039E+00 -1.75903E-02
    9678.122     21.190   1.950  9.51191E-01  1.01881E+00 -6.49209E-02
    9678.875     21.943   2.000  9.03397E-01  1.01723E+00 -1.09622E-01
    9679.646     22.714   2.050  8.56641E-01  1.01540E+00 -1.53338E-01
    9680.437     23.505   2.100  8.15043E-01  1.01357E+00 -1.92318E-01
    9681.246     24.314   2.150  7.79339E-01  1.01173E+00 -2.25807E-01
    9682.075     25.143   2.200  7.50072E-01  1.00990E+00 -2.53224E-01
    9682.923     25.991   2.250  7.25685E-01  1.00818E+00 -2.76144E-01
    9683.790     26.858   2.300  7.09220E-01  1.00645E+00 -2.91435E-01
    9684.675     27.743   2.350  7.00638E-01  1.00473E+00 -2.99067E-01
    9685.580     28.648   2.400  6.99653E-01  1.00301E+00 -2.99251E-01
    9686.504     29.572   2.450  7.10887E-01  1.00602E+00 -2.91990E-01
    9687.447     30.515   2.500  7.29275E-01  1.00904E+00 -2.77588E-01
    9688.409     31.477   2.550  7.53803E-01  1.01205E+00 -2.56992E-01
    9689.390     32.458   2.600  7.83303E-01  1.01507E+00 -2.31313E-01
    9690.390     33.458   2.650  8.17361E-01  1.01775E+00 -2.00189E-01
    9691.410     34.478   2.700  8.54234E-01  1.02042E+00 -1.66187E-01
    9692.448     35.516   2.750  8.92427E-01  1.02310E+00 -1.30800E-01
    9693.505     36.573   2.800  9.30511E-01  1.02578E+00 -9.54507E-02
    9694.581     37.649   2.850  9.63915E-01  1.02551E+00 -6.17453E-02
    9695.677     38.745   2.900  9.94458E-01  1.02525E+00 -3.08799E-02
    9696.791     39.859   2.950  1.02129E+00  1.02499E+00 -3.70769E-03
    9697.925     40.993   3.000  1.04386E+00  1.02473E+00  1.91981E-02
    9699.077     42.145   3.050  1.06106E+00  1.02278E+00  3.84332E-02
    9700.249     43.317   3.100  1.07460E+00  1.02083E+00  5.40026E-02
    9701.439     44.507   3.150  1.08446E+00  1.01888E+00  6.58991E-02
    9702.649     45.717   3.200  1.09082E+00  1.01693E+00  7.42730E-02
    9703.878     46.946   3.250  1.09675E+00  1.01579E+00  8.13579E-02
    9705.125     48.194   3.300  1.09974E+00  1.01465E+00  8.54900E-02
    9706.392     49.460   3.350  1.10009E+00  1.01351E+00  8.69666E-02
    9707.678     50.746   3.400  1.09815E+00  1.01237E+00  8.61492E-02
    9708.983     52.051   3.450  1.09533E+00  1.01196E+00  8.36459E-02
    9710.307     53.375   3.500  1.09075E+00  1.01156E+00  7.93868E-02
    9711.650     54.718   3.550  1.08484E+00  1.01115E+00  7.37918E-02
    9713.012     56.080   3.600  1.07798E+00  1.01075E+00  6.72721E-02
    9714.393     57.461   3.650  1.07117E+00  1.01085E+00  6.02754E-02
    9715.793     58.861   3.700  1.06399E+00  1.01096E+00  5.29327E-02
    9717.213     60.281   3.750  1.05676E+00  1.01106E+00  4.55564E-02
    9718.651     61.719   3.800  1.04974E+00  1.01117E+00  3.84067E-02
    9720.108     63.176   3.850  1.04349E+00  1.01157E+00  3.17306E-02
    9721.585     64.653   3.900  1.03775E+00  1.01198E+00  2.55875E-02
    9723.080     66.148   3.950  1.03264E+00  1.01239E+00  2.00785E-02
    9724.595     67.663   4.000  1.02820E+00  1.01279E+00  1.52514E-02
    9726.128     69.196   4.050  1.02498E+00  1.01368E+00  1.11649E-02
    9727.681     70.749   4.100  1.02239E+00  1.01458E+00  7.71311E-03
    9729.252     72.320   4.150  1.02038E+00  1.01547E+00  4.83456E-03
    9730.843     73.911   4.200  1.01885E+00  1.01636E+00  2.44427E-03
    9732.453     75.521   4.250  1.01783E+00  1.01731E+00  5.17453E-04
    9734.081     77.149   4.300  1.01709E+00  1.01825E+00 -1.13664E-03
    9735.729     78.797   4.350  1.01652E+00  1.01920E+00 -2.62238E-03
    9737.396     80.464   4.400  1.01602E+00  1.02014E+00 -4.03406E-03
    9739.082     82.150   4.450  1.01540E+00  1.02095E+00 -5.41831E-03
    9740.787     83.855   4.500  1.01467E+00  1.02175E+00 -6.90290E-03
    9742.511     85.579   4.550  1.01380E+00  1.02255E+00 -8.52799E-03
    9744.254     87.322   4.600  1.01277E+00  1.02336E+00 -1.03063E-02
    9746.016     89.084   4.650  1.01132E+00  1.02396E+00 -1.22942E-02
    9747.797     90.865   4.700  1.00970E+00  1.02456E+00 -1.44350E-02
    9749.598     92.666   4.750  1.00799E+00  1.02516E+00 -1.66688E-02
    9751.417     94.485   4.800  1.00625E+00  1.02576E+00 -1.89141E-02
    9753.255     96.323   4.850  1.00408E+00  1.02600E+00 -2.12388E-02
    9755.112     98.181   4.900  1.00206E+00  1.02624E+00 -2.34138E-02
    9756.989    100.057   4.950  1.00032E+00  1.02648E+00 -2.53210E-02
    9758.884    101.952   5.000  9.98967E-01  1.02672E+00 -2.68436E-02
    9760.799    103.867   5.050  9.97554E-01  1.02658E+00 -2.80733E-02
    9762.732    105.800   5.100  9.96743E-01  1.02644E+00 -2.87206E-02
    9764.685    107.753   5.150  9.96623E-01  1.02630E+00 -2.86998E-02
    9766.657    109.725   5.200  9.97255E-01  1.02616E+00 -2.79514E-02
    9768.647    111.715   5.250  9.98277E-01  1.02572E+00 -2.65419E-02
    9770.657    113.725   5.300  1.00012E+00  1.02529E+00 -2.43394E-02
    9772.686    115.754   5.350  1.00275E+00  1.02485E+00 -2.13742E-02
    9774.734    117.802   5.400  1.00610E+00  1.02441E+00 -1.77125E-02
    9776.801    119.869   5.450  1.00979E+00  1.02365E+00 -1.34108E-02
    9778.887    121.955   5.500  1.01401E+00  1.02290E+00 -8.59975E-03
    9780.992    124.060   5.550  1.01859E+00  1.02214E+00 -3.43705E-03
    9783.116    126.184   5.600  1.02335E+00  1.02139E+00  1.90014E-03
    9785.259    128.327   5.650  1.02807E+00  1.02049E+00  7.34106E-03
    9787.421    130.489   5.700  1.03258E+00  1.01959E+00  1.25895E-02
    9789.602    132.670   5.750  1.03668E+00  1.01870E+00  1.74507E-02
    9791.803    134.871   5.800  1.04020E+00  1.01780E+00  2.17451E-02
    9794.022    137.090   5.850  1.04300E+00  1.01685E+00  2.54018E-02
    9796.260    139.328   5.900  1.04491E+00  1.01591E+00  2.81879E-02
    9798.518    141.586   5.950  1.04581E+00  1.01496E+00  3.00093E-02
    9800.794    143.862   6.000  1.04568E+00  1.01401E+00  3.08143E-02
    9803.090    146.158   6.050  1.04466E+00  1.01325E+00  3.05902E-02
    9805.404    148.472   6.100  1.04258E+00  1.01249E+00  2.93297E-02
    9807.738    150.806   6.150  1.03953E+00  1.01172E+00  2.71167E-02
    9810.091    153.159   6.200  1.03563E+00  1.01096E+00  2.40738E-02
    9812.462    155.530   6.250  1.03105E+00  1.01020E+00  2.03561E-02
    9814.853    157.921   6.300  1.02596E+00  1.00943E+00  1.61417E-02
    9817.263    160.331   6.350  1.02056E+00  1.00867E+00  1.16221E-02
    9819.692    162.760   6.400  1.01506E+00  1.00791E+00  6.99268E-03
    9822.140    165.208   6.450  1.00964E+00  1.00715E+00  2.44228E-03
    9824.607    167.675   6.500  1.00449E+00  1.00638E+00 -1.85530E-03
    9827.093    170.161   6.550  9.99983E-01  1.00596E+00 -5.86093E-03
    9829.598    172.666   6.600  9.96039E-01  1.00554E+00 -9.31960E-03
    9832.122    175.190   6.650  9.92755E-01  1.00512E+00 -1.21355E-02
    9834.665    177.733   6.700  9.90187E-01  1.00471E+00 -1.42512E-02
    9837.227    180.295   6.750  9.88354E-01  1.00429E+00 -1.56479E-02
    9839.808    182.876   6.800  9.87236E-01  1.00387E+00 -1.63434E-02
    9842.409    185.477   6.850  9.86781E-01  1.00345E+00 -1.63875E-02
    9845.028    188.096   6.900  9.86910E-01  1.00303E+00 -1.58570E-02
    9847.667    190.735   6.950  9.87524E-01  1.00261E+00 -1.48487E-02
    9850.324    193.392   7.000  9.88511E-01  1.00219E+00 -1.34715E-02
    9853.001    196.069   7.050  9.89737E-01  1.00177E+00 -1.18534E-02
    9855.696    198.764   7.100  9.91125E-01  1.00134E+00 -1.00733E-02
    9858.411    201.479   7.150  9.92567E-01  1.00092E+00 -8.23754E-03
    9861.144    204.212   7.200  9.93968E-01  1.00049E+00 -6.43945E-03
    9863.897    206.965   7.250  9.95252E-01  1.00006E+00 -4.75495E-03
    9866.669    209.737   7.300  9.96362E-01  9.99639E-01 -3.24006E-03
    9869.460    212.528   7.350  9.97263E-01  9.99213E-01 -1.92982E-03
    9872.269    215.338   7.400  9.97940E-01  9.98788E-01 -8.38914E-04
    9875.098    218.166   7.450  9.98399E-01  9.98362E-01  3.63769E-05
    9877.946    221.014   7.500  9.98658E-01  9.97937E-01  7.15004E-04
    9880.813    223.881   7.550  9.98609E-01  9.97350E-01  1.24950E-03
    9883.699    226.767   7.600  9.98430E-01  9.96763E-01  1.65642E-03
    9886.605    229.673   7.650  9.98160E-01  9.96176E-01  1.97345E-03
    9889.529    232.597   7.700  9.97837E-01  9.95589E-01  2.23796E-03
    9892.472    235.540   7.750  9.97493E-01  9.95002E-01  2.48323E-03
    9895.434    238.502   7.800  9.97157E-01  9.94415E-01  2.73550E-03
    9898.416    241.484   7.850  9.96844E-01  9.93828E-01  3.01176E-03
    9901.416    244.484   7.900  9.96561E-01  9.93240E-01  3.31864E-03
    9904.435    247.503   7.950  9.96303E-01  9.92653E-01  3.65223E-03
    9907.474    250.542   8.000  9.96059E-01  9.92066E-01  3.99899E-03
    9910.531    253.599   8.050  9.95282E-01  9.90906E-01  4.38859E-03
    9913.608    256.676   8.100  9.94481E-01  9.89745E-01  4.75523E-03
    9916.703    259.771   8.150  9.93625E-01  9.88584E-01  5.06776E-03
    9919.818    262.886   8.200  9.92682E-01  9.87424E-01  5.29365E-03
    9922.952    266.020   8.250  9.91623E-01  9.86263E-01  5.40197E-03
    9926.105    269.173   8.300  9.90420E-01  9.85103E-01  5.36630E-03
    9929.276    272.344   8.350  9.89056E-01  9.83942E-01  5.16724E-03
    9932.467    275.535   8.400  9.87520E-01  9.82781E-01  4.79447E-03
    9935.677    278.745   8.450  9.85814E-01  9.81621E-01  4.24805E-03
    9938.906    281.974   8.500  9.83949E-01  9.80460E-01  3.53895E-03
    9942.154    285.222   8.550  9.81987E-01  9.79315E-01  2.71373E-03
    9945.421    288.489   8.600  9.79890E-01  9.78170E-01  1.74829E-03
    9948.707    291.775   8.650  9.77691E-01  9.77026E-01  6.77859E-04
    9952.012    295.081   8.700  9.75435E-01  9.75881E-01 -4.54456E-04
    9955.337    298.405   8.750  9.73169E-01  9.74736E-01 -1.60012E-03
    9958.680    301.748   8.800  9.70943E-01  9.73592E-01 -2.70801E-03
    9962.042    305.110   8.850  9.68806E-01  9.72447E-01 -3.72742E-03
    9965.424    308.492   8.900  9.66803E-01  9.71302E-01 -4.61110E-03
    9968.824    311.892   8.950  9.64976E-01  9.70158E-01 -5.31810E-03
    9972.243    315.312   9.000  9.63353E-01  9.69013E-01 -5.81620E-03
    9975.682    318.750   9.050  9.62054E-01  9.68033E-01 -6.15101E-03
    9979.140    322.208   9.100  9.60997E-01  9.67052E-01 -6.23760E-03
    9982.616    325.684   9.150  9.60185E-01  9.66072E-01 -6.07178E-03
    9986.112    329.180   9.200  9.59608E-01  9.65092E-01 -5.66238E-03
    9989.627    332.695   9.250  9.59245E-01  9.64112E-01 -5.03067E-03
    9993.160    336.228   9.300  9.59065E-01  9.63132E-01 -4.20900E-03
    9996.713    339.781   9.350  9.59026E-01  9.62152E-01 -3.23885E-03
   10000.285    343.353   9.400  9.59081E-01  9.61171E-01 -2.16828E-03
   10003.876    346.944   9.450  9.59181E-01  9.60191E-01 -1.04912E-03
   10007.486    350.554   9.500  9.59274E-01  9.59211E-01  6.60540E-05
   10011.115    354.183   9.550  9.59549E-01  9.58445E-01  1.14858E-03
   10014.763    357.831   9.600  9.59730E-01  9.57679E-01  2.13633E-03
   10018.430    361.498   9.650  9.59778E-01  9.56913E-01  2.98830E-03
   10022.116    365.184   9.700  9.59665E-01  9.56148E-01  3.67259E-03
   10025.821    368.889   9.750  9.59369E-01  9.55382E-01  4.16773E-03
   10029.546    372.614   9.800  9.58882E-01  9.54616E-01  4.46337E-03
   10033.289    376.357   9.850  9.58204E-01  9.53850E-01  4.56020E-03
   10037.051    380.119   9.900  9.57347E-01  9.53084E-01  4.46923E-03
   10040.833    383.901   9.950  9.56330E-01  9.52318E-01  4.21038E-03
   10044.633    387.701  10.000  9.55180E-01  9.51552E-01  3.81074E-03
   10048.453    391.521  10.050  9.53802E-01  9.50666E-01  3.29762E-03
   10052.291    395.359  10.100  9.52354E-01  9.49780E-01  2.70953E-03
   10056.149    399.217  10.150  9.50870E-01  9.48894E-01  2.08196E-03
   10060.026    403.094  10.200  9.49381E-01  9.48008E-01  1.44837E-03
   10063.921    406.989  10.250  9.47916E-01  9.47122E-01  8.38349E-04
   10067.836    410.904  10.300  9.46497E-01  9.46236E-01  2.76122E-04
   10071.770    414.838  10.350  9.45142E-01  9.45350E-01 -2.20387E-04
   10075.723    418.791  10.400  9.43860E-01  9.44464E-01 -6.39971E-04
   10079.695    422.763  10.450  9.42655E-01  9.43578E-01 -9.78031E-04
   10083.686    426.754  10.500  9.41527E-01  9.42692E-01 -1.23597E-03
   10087.696    430.764  10.550  9.40468E-01  9.41806E-01 -1.42021E-03
   10091.725    434.793  10.600  9.39470E-01  9.40920E-01 -1.54090E-03
   10095.773    438.841  10.650  9.38520E-01  9.40034E-01 -1.61045E-03
   10099.840    442.908  10.700  9.37606E-01  9.39148E-01 -1.64206E-03
   10103.926    446.994  10.750  9.36716E-01  9.38261E-01 -1.64831E-03
   10108.031    451.099  10.800  9.35839E-01  9.37375E-01 -1.63994E-03
   10112.156    455.224  10.850  9.34968E-01  9.36489E-01 -1.62498E-03
   10116.299    459.367  10.900  9.34100E-01  9.35603E-01 -1.60811E-03
   10120.461    463.529  10.950  9.33231E-01  9.34717E-01 -1.59055E-03
   10124.643    467.711  11.000  9.32366E-01  9.33831E-01 -1.57015E-03
   10128.843    471.911  11.050  9.31314E-01  9.32744E-01 -1.53362E-03
   10133.063    476.131  11.100  9.30275E-01  9.31657E-01 -1.48436E-03
   10137.302    480.370  11.150  9.29253E-01  9.30570E-01 -1.41568E-03
   10141.559    484.627  11.200  9.28256E-01  9.29483E-01 -1.32063E-03
   10145.836    488.904  11.250  9.27288E-01  9.28396E-01 -1.19299E-03
   10150.132    493.200  11.300  9.26355E-01  9.27309E-01 -1.02814E-03
   10154.446    497.514  11.350  9.25459E-01  9.26222E-01 -8.23852E-04
   10158.780    501.848  11.400  9.24597E-01  9.25135E-01 -5.80800E-04
   10163.133    506.201  11.450  9.23768E-01  9.24048E-01 -3.02853E-04
   10167.505    510.573  11.500  9.22963E-01  9.22961E-01  2.92035E-06
   10171.896    514.964  11.550  9.22175E-01  9.21874E-01  3.26526E-04
   10176.306    519.374  11.600  9.21391E-01  9.20787E-01  6.55579E-04
   10180.735    523.803  11.650  9.20598E-01  9.19700E-01  9.76059E-04
   10185.183    528.252  11.700  9.19784E-01  9.18613E-01  1.27321E-03
   10189.651    532.719  11.750  9.18934E-01  9.17526E-01  1.53256E-03
   10194.137    537.205  11.800  9.18036E-01  9.16439E-01  1.74086E-03
   10198.642    541.710  11.850  9.17082E-01  9.15352E-01  1.88712E-03
   10203.167    546.235  11.900  9.16062E-01  9.14265E-01  1.96328E-03
   10207.710    550.778  11.950  9.14975E-01  9.13177E-01  1.96491E-03
   10212.272    555.341  12.000  9.13819E-01  9.12090E-01  1.89148E-03
   10216.854    559.922  12.050  9.12700E-01  9.11085E-01  1.76997E-03
   10221.455    564.523  12.100  9.11518E-01  9.10079E-01  1.57853E-03
   10226.074    569.142  12.150  9.10280E-01  9.09073E-01  1.32499E-03
   10230.713    573.781  12.200  9.08995E-01  9.08067E-01  1.02051E-03
   10235.371    578.439  12.250  9.07678E-01  9.07061E-01  6.78891E-04
   10240.047    583.115  12.300  9.06342E-01  9.06055E-01  3.15864E-04
   10244.743    587.811  12.350  9.05002E-01  9.05049E-01 -5.18854E-05
   10249.458    592.526  12.400  9.03674E-01  9.04043E-01 -4.07646E-04
   10254.192    597.260  12.450  9.02372E-01  9.03037E-01 -7.35637E-04
   10258.945    602.013  12.500  9.01108E-01  9.02031E-01 -1.02187E-03
   10263.717    606.785  12.550  8.99892E-01  9.01026E-01 -1.25492E-03
   10268.508    611.576  12.600  8.98733E-01  9.00020E-01 -1.42644E-03
   10273.318    616.386  12.650  8.97634E-01  8.99014E-01 -1.53156E-03
   10278.147    621.215  12.700  8.96596E-01  8.98008E-01 -1.56901E-03
   10282.995    626.063  12.750  8.95616E-01  8.97002E-01 -1.54103E-03
   10287.863    630.931  12.800  8.94691E-01  8.95996E-01 -1.45304E-03
   10292.749    635.817  12.850  8.93812E-01  8.94990E-01 -1.31321E-03
   10297.654    640.722  12.900  8.92970E-01  8.93984E-01 -1.13177E-03
   10302.579    645.647  12.950  8.92154E-01  8.92978E-01 -9.20356E-04
   10307.522    650.590  13.000  8.91354E-01  8.91972E-01 -6.91202E-04
   10312.485    655.553  13.050  8.90411E-01  8.90817E-01 -4.55432E-04
   10317.466    660.534  13.100  8.89468E-01  8.89662E-01 -2.17046E-04
   10322.467    665.535  13.150  8.88518E-01  8.88507E-01  1.29354E-05
   10327.486    670.554  13.200  8.87552E-01  8.87351E-01  2.24974E-04
   10332.525    675.593  13.250  8.86562E-01  8.86196E-01  4.11437E-04
   10337.583    680.651  13.300  8.85544E-01  8.85041E-01  5.66856E-04
   10342.660    685.728  13.350  8.84495E-01  8.83886E-01  6.88003E-04
   10347.756    690.824  13.400  8.83415E-01  8.82731E-01  7.73818E-04
   10352.870    695.938  13.450  8.82305E-01  8.81575E-01  8.25178E-04
   10358.004    701.072  13.500  8.81165E-01  8.80420E-01  8.44566E-04
   10363.157    706.225  13.550  8.80001E-01  8.79265E-01  8.35654E-04
   10368.329    711.397  13.600  8.78816E-01  8.78110E-01  8.02858E-04
   10373.521    716.589  13.650  8.77614E-01  8.76954E-01  7.50896E-04
   10378.731    721.799  13.700  8.76400E-01  8.75799E-01  6.84383E-04
   10383.960    727.028  13.750  8.75177E-01  8.74644E-01  6.07506E-04
   10389.208    732.276  13.800  8.73947E-01  8.73489E-01  5.23786E-04
   10394.475    737.543  13.850  8.72715E-01  8.72333E-01  4.35952E-04
   10399.762    742.830  13.900  8.71480E-01  8.71178E-01  3.45915E-04
   10405.067    748.135  13.950  8.70245E-01  8.70023E-01  2.54846E-04
   10410.392    753.460  14.000  8.69010E-01  8.68868E-01  1.63332E-04
   10415.735    758.803  14.050  8.67744E-01  8.67681E-01  7.16914E-05
   10421.098    764.166  14.100  8.66476E-01  8.66495E-01 -2.15925E-05
   10426.479    769.547  14.150  8.65208E-01  8.65309E-01 -1.16242E-04
   10431.880    774.948  14.200  8.63939E-01  8.64122E-01 -2.11554E-04
   10437.300    780.368  14.250  8.62671E-01  8.62936E-01 -3.06250E-04
   10442.738    785.806  14.300  8.61405E-01  8.61750E-01 -3.98398E-04
   10448.196    791.264  14.350  8.60144E-01  8.60563E-01 -4.85423E-04
   10453.673    796.741  14.400  8.58891E-01  8.59377E-01 -5.64195E-04
   10459.169    802.237  14.450  8.57647E-01  8.58191E-01 -6.31209E-04
   10464.684    807.752  14.500  8.56417E-01  8.57004E-01 -6.82816E-04
   10470.218    813.286  14.550  8.55204E-01  8.55818E-01 -7.15507E-04
   10475.771    818.839  14.600  8.54009E-01  8.54632E-01 -7.26214E-04
   10481.343    824.411  14.650  8.52835E-01  8.53445E-01 -7.12597E-04
   10486.934    830.002  14.700  8.51683E-01  8.52259E-01 -6.73304E-04
   10492.544    835.612  14.750  8.50554E-01  8.51073E-01 -6.08166E-04
   10498.174    841.242  14.800  8.49445E-01  8.49886E-01 -5.18322E-04
   10503.822    846.890  14.850  8.48354E-01  8.48700E-01 -4.06247E-04
   10509.489    852.557  14.900  8.47279E-01  8.47514E-01 -2.75688E-04
   10515.176    858.244  14.950  8.46216E-01  8.46327E-01 -1.31513E-04
   10520.881    863.949  15.000  8.45158E-01  8.45141E-01  2.05309E-05
   10526.606    869.674  15.050  8.44104E-01  8.43960E-01  1.70856E-04
   10532.349    875.417  15.100  8.43046E-01  8.42779E-01  3.16573E-04
   10538.112    881.180  15.150  8.41979E-01  8.41597E-01  4.51685E-04
   10543.893    886.962  15.200  8.40897E-01  8.40416E-01  5.70618E-04
   10549.694    892.762  15.250  8.39798E-01  8.39235E-01  6.68505E-04
   10555.514    898.582  15.300  8.38677E-01  8.38054E-01  7.41429E-04
   10561.353    904.421  15.350  8.37533E-01  8.36873E-01  7.86616E-04
   10567.211    910.279  15.400  8.36364E-01  8.35691E-01  8.02546E-04
   10573.088    916.156  15.450  8.35170E-01  8.34510E-01  7.89005E-04
   10578.983    922.051  15.500  8.33953E-01  8.33329E-01  7.47052E-04
   10584.898    927.966  15.550  8.32714E-01  8.32148E-01  6.78924E-04
   10590.833    933.901  15.600  8.31456E-01  8.30966E-01  5.87881E-04
   10596.786    939.854  15.650  8.30183E-01  8.29785E-01  4.78007E-04
   10602.758    945.826  15.700  8.28898E-01  8.28604E-01  3.53973E-04
   10608.749    951.817  15.750  8.27606E-01  8.27423E-01  2.20799E-04
   10614.759    957.827  15.800  8.26311E-01  8.26242E-01  8.36037E-05
   10620.789    963.857  15.850  8.25017E-01  8.25060E-01 -5.26184E-05
   10626.837    969.905  15.900  8.23728E-01  8.23879E-01 -1.83200E-04
   10632.904    975.972  15.950  8.22447E-01  8.22698E-01 -3.03963E-04
   10638.991    982.059  16.000  8.21178E-01  8.21517E-01 -4.11338E-04
   10645.096    988.164  16.050  8.19842E-01  8.20257E-01 -5.04894E-04
   10651.221    994.289  16.100  8.18523E-01  8.18997E-01 -5.77425E-04
   10657.364   1000.432  16.150  8.17223E-01  8.17738E-01 -6.27505E-04
   10663.527   1006.595  16.200  8.15942E-01  8.16478E-01 -6.55074E-04
   10669.709   1012.777  16.250  8.14678E-01  8.15218E-01 -6.61173E-04
   10675.909   1018.977  16.300  8.13430E-01  8.13958E-01 -6.47593E-04
   10682.129   1025.197  16.350  8.12196E-01  8.12699E-01 -6.16492E-04
   10688.368   1031.436  16.400  8.10975E-01  8.11439E-01 -5.70057E-04
   10694.626   1037.694  16.450  8.09765E-01  8.10179E-01 -5.10274E-04
   10700.903   1043.971  16.500  8.08563E-01  8.08919E-01 -4.38830E-04
   10707.199   1050.267  16.550  8.07370E-01  8.07659E-01 -3.57153E-04
   10713.514   1056.582  16.600  8.06184E-01  8.06400E-01 -2.66583E-04
   10719.848   1062.916  16.650  8.05004E-01  8.05140E-01 -1.68591E-04
   10726.201   1069.269  16.700  8.03828E-01  8.03880E-01 -6.50174E-05
   10732.573   1075.641  16.750  8.02654E-01  8.02620E-01  4.17551E-05
   10738.965   1082.033  16.800  8.01480E-01  8.01361E-01  1.48733E-04
   10745.375   1088.443  16.850  8.00303E-01  8.00101E-01  2.52381E-04
   10751.804   1094.872  16.900  7.99120E-01  7.98841E-01  3.48816E-04
   10758.253   1101.321  16.950  7.97928E-01  7.97581E-01  4.34115E-04
   10764.720   1107.788  17.000  7.96724E-01  7.96322E-01  5.04672E-04
   10771.207   1114.275  17.050  7.95510E-01  7.95065E-01  5.57953E-04
   10777.712   1120.780  17.100  7.94280E-01  7.93808E-01  5.93322E-04
   10784.237   1127.305  17.150  7.93036E-01  7.92552E-01  6.09564E-04
   10790.780   1133.849  17.200  7.91776E-01  7.91295E-01  6.06051E-04
   10797.343   1140.411  17.250  7.90500E-01  7.90039E-01  5.82795E-04
   10803.925   1146.993  17.300  7.89209E-01  7.88782E-01  5.40475E-04
   10810.526   1153.594  17.350  7.87904E-01  7.87525E-01  4.80440E-04
   10817.146   1160.214  17.400  7.86588E-01  7.86269E-01  4.04682E-04
   10823.784   1166.853  17.450  7.85261E-01  7.85012E-01  3.15787E-04
   10830.442   1173.510  17.500  7.83926E-01  7.83756E-01  2.16843E-04
   10837.119   1180.187  17.550  7.82586E-01  7.82499E-01  1.11340E-04
   10843.815   1186.883  17.600  7.81245E-01  7.81242E-01  3.02590E-06
   10850.531   1193.599  17.650  7.79904E-01  7.79986E-01 -1.04236E-04
   10857.265   1200.333  17.700  7.78568E-01  7.78729E-01 -2.06629E-04
   10864.018   1207.086  17.750  7.77238E-01  7.77472E-01 -3.00545E-04
   10870.790   1213.858  17.800  7.75918E-01  7.76216E-01 -3.82734E-04
   10877.581   1220.649  17.850  7.74610E-01  7.74959E-01 -4.50439E-04
   10884.392   1227.460  17.900  7.73314E-01  7.73703E-01 -5.01512E-04
   10891.221   1234.289  17.950  7.72033E-01  7.72446E-01 -5.34487E-04
   10898.070   1241.138  18.000  7.70766E-01  7.71189E-01 -5.48634E-04
   10904.937   1248.005  18.050  7.69484E-01  7.69903E-01 -5.42684E-04
   10911.824   1254.892  18.100  7.68217E-01  7.68616E-01 -5.18546E-04
   10918.729   1261.797  18.150  7.66962E-01  7.67329E-01 -4.77720E-04
   10925.654   1268.722  18.200  7.65719E-01  7.66043E-01 -4.22247E-04
   10932.598   1275.666  18.250  7.64484E-01  7.64756E-01 -3.54599E-04
   10939.560   1282.628  18.300  7.63257E-01  7.63469E-01 -2.77558E-04
   10946.542   1289.610  18.350  7.62034E-01  7.62183E-01 -1.94087E-04
   10953.543   1296.611  18.400  7.60814E-01  7.60896E-01 -1.07210E-04
   10960.563   1303.631  18.450  7.59594E-01  7.59609E-01 -1.98930E-05
   10967.602   1310.670  18.500  7.58372E-01  7.58323E-01  6.50551E-05
   10974.660   1317.728  18.550  7.57146E-01  7.57036E-01  1.45070E-04
   10981.737   1324.805  18.600  7.55914E-01  7.55749E-01  2.17897E-04
   10988.833   1331.901  18.650  7.54675E-01  7.54462E-01  2.81640E-04
   10995.948   1339.016  18.700  7.53428E-01  7.53176E-01  3.34787E-04
   11003.082   1346.150  18.750  7.52172E-01  7.51889E-01  3.76220E-04
   11010.236   1353.304  18.800  7.50907E-01  7.50602E-01  4.05213E-04
   11017.408   1360.476  18.850  7.49632E-01  7.49316E-01  4.21415E-04
   11024.599   1367.667  18.900  7.48347E-01  7.48029E-01  4.24821E-04
   11031.810   1374.878  18.950  7.47053E-01  7.46742E-01  4.15751E-04
   11039.039   1382.107  19.000  7.45750E-01  7.45456E-01  3.94813E-04
   11046.288   1389.356  19.050  7.44432E-01  7.44162E-01  3.62791E-04
   11053.555   1396.623  19.100  7.43107E-01  7.42868E-01  3.20911E-04
   11060.842   1403.910  19.150  7.41775E-01  7.41575E-01  2.70435E-04
   11068.147   1411.215  19.200  7.40439E-01  7.40281E-01  2.12821E-04
   11075.472   1418.540  19.250  7.39098E-01  7.38988E-01  1.49706E-04
   11082.816   1425.884  19.300  7.37755E-01  7.37694E-01  8.28789E-05
   11090.179   1433.247  19.350  7.36411E-01  7.36400E-01  1.42519E-05
   11097.560   1440.628  19.400  7.35067E-01  7.35107E-01 -5.41770E-05
   11104.961   1448.029  19.450  7.33725E-01  7.33813E-01 -1.20372E-04
   11112.381   1455.449  19.500  7.32386E-01  7.32519E-01 -1.82313E-04
   11119.820   1462.888  19.550  7.31052E-01  7.31226E-01 -2.38061E-04
   11127.278   1470.346  19.600  7.29724E-01  7.29932E-01 -2.85822E-04
   11134.755   1477.823  19.650  7.28402E-01  7.28639E-01 -3.24022E-04
   11142.252   1485.320  19.700  7.27089E-01  7.27345E-01 -3.51368E-04
   11149.767   1492.835  19.750  7.25785E-01  7.26051E-01 -3.66916E-04
   11157.301   1500.369  19.800  7.24490E-01  7.24758E-01 -3.70117E-04
   11164.854   1507.922  19.850  7.23203E-01  7.23464E-01 -3.60863E-04
   11172.427   1515.495  19.900  7.21925E-01  7.22171E-01 -3.39496E-04
   11180.018   1523.086  19.950  7.20656E-01  7.20877E-01 -3.06817E-04
   11187.628   1530.696  20.000  7.19393E-01  7.19583E-01 -2.64061E-04
