# # Gd_L1                                                        FEFF 9.05   
# # POT  Non-SCF, core-hole, AFOLP (folp(0)= 1.150)
# # Abs   Z=64 Rmt= 1.904 Rnm= 1.981 L1 shell
# #   RGRID 0.0100
# # Pot 1 Z=64 Rmt= 2.052 Rnm= 2.155
# # Gam_ch=5.533E+00 Gd state
# # Mu=-4.289E+00 kf=1.318E+00 Vint=-1.091E+01 Rs_int= 2.751
# # PATH  Rmax= 7.290,  Keep_limit= 0.00, Heap_limit 0.00  Pwcrit= 0.00%
#  S02=1.000  Temp= 150.00  Debye_temp= 176.00  Global_sig2= 0.00000
#     file         sig2 tot  cw amp ratio   deg  nlegs   reff  inp sig2
#           1       0.00537    100.00      3.00     2   3.5724
#           2       0.00537    100.00      3.00     2   3.5724
#           3       0.00547    668.60      6.00     2   3.6354
#           4       0.00708     88.78      3.00     2   5.0969
#           5       0.00708     88.78      3.00     2   5.0969
#           6       0.00608     14.47      1.00     3   5.3901
#           7       0.00608     28.95      2.00     3   5.3902
#           8       0.00608     11.69      1.00     3   5.3901
#           9       0.00608     23.38      2.00     3   5.3902
#          10       0.00608     14.47      1.00     3   5.3901
#          11       0.00608     28.95      2.00     3   5.3902
#          12       0.00608     31.94      3.00     3   5.3902
#          13       0.00608     46.21      3.00     3   5.3902
#          14       0.00608     31.92      3.00     3   5.3902
#          15       0.00608     31.92      3.00     3   5.3901
#          16       0.00608     11.69      1.00     3   5.3901
#          17       0.00608     23.38      2.00     3   5.3902
#          18       0.00608     31.94      3.00     3   5.3901
#          19       0.00608     46.21      3.00     3   5.3902
#          20       0.00608     46.21      3.00     3   5.3902
#          21       0.00608     46.21      3.00     3   5.3902
#          22       0.00616    204.90      6.00     3   5.4531
#          23       0.00616    229.20      6.00     3   5.4531
#          24       0.00698     28.19      3.00     3   6.1524
#          25       0.00698     28.19      3.00     3   6.1524
#          26       0.00698     28.19      3.00     3   6.1524
#          27       0.00698     21.30      3.00     3   6.1524
#          28       0.00698     21.48      3.00     3   6.1524
#          29       0.00698     28.19      3.00     3   6.1524
#          30       0.00698     18.24      3.00     3   6.1524
#          31       0.00698     28.29      3.00     3   6.1524
#          32       0.00698     21.30      3.00     3   6.1524
#          33       0.00698     23.29      3.00     3   6.1524
#          34       0.00698     21.48      3.00     3   6.1524
#          35       0.00698     18.40      3.00     3   6.1524
#          36       0.00698     18.40      3.00     3   6.1524
#          37       0.00698     28.29      3.00     3   6.1524
#          38       0.00698     28.29      3.00     3   6.1524
#          39       0.00698     18.24      3.00     3   6.1524
#          40       0.00698     23.20      3.00     3   6.1524
#          41       0.00698     28.29      3.00     3   6.1524
#          42       0.00698     26.28      3.00     3   6.1524
#          43       0.00698     23.29      3.00     3   6.1524
#          44       0.00698     26.43      3.00     3   6.1524
#          45       0.00698     26.43      3.00     3   6.1524
#          46       0.00698     23.19      3.00     3   6.1524
#          47       0.00698     26.28      3.00     3   6.1524
#          48       0.00725      2.38      3.00     3   6.4633
#          49       0.00725      2.38      3.00     3   6.4633
#          50       0.00738     17.01      3.00     3   6.7342
#          51       0.00738     17.01      3.00     3   6.7342
#          52       0.00738     16.99      3.00     3   6.7342
#          53       0.00738     14.27      3.00     3   6.7342
#          54       0.00738     14.24      3.00     3   6.7342
#          55       0.00738     14.24      3.00     3   6.7342
#          56       0.00738     16.99      3.00     3   6.7342
#          57       0.00738     14.27      3.00     3   6.7342
#          58       0.00740     86.49      6.00     3   6.7837
#          59       0.00740     84.96      6.00     3   6.7837
#          60       0.00749     11.90      1.00     3   6.9873
#          61       0.00749     23.79      2.00     3   6.9873
#          62       0.00749     11.90      1.00     3   6.9873
#          63       0.00749     23.79      2.00     3   6.9873
#          64       0.00749     11.61      1.00     3   6.9873
#          65       0.00749     23.21      2.00     3   6.9873
#          66       0.00749     11.61      1.00     3   6.9873
#          67       0.00749     23.21      2.00     3   6.9873
#          68       0.01328      3.21      1.00     4   7.1449
#          69       0.01328      6.43      2.00     4   7.1449
#          70       0.00807     12.93      1.00     4   7.1449
#          71       0.00807     25.85      2.00     4   7.1449
#          72       0.01328      2.51      1.00     4   7.1449
#          73       0.01328      5.02      2.00     4   7.1449
#          74       0.00807     12.47      1.00     4   7.1449
#          75       0.00807     24.94      2.00     4   7.1449
#          76       0.00807     12.93      1.00     4   7.1449
#          77       0.00807     25.85      2.00     4   7.1449
#          78       0.01328      3.21      1.00     4   7.1449
#          79       0.01328      6.43      2.00     4   7.1449
#          80       0.02147      3.60      3.00     4   7.1450
#          81       0.00969      1.57      3.00     4   7.1450
#          82       0.01328      0.74      3.00     4   7.1449
#          83       0.00699      0.75      3.00     4   7.1449
#          84       0.01328      0.74      3.00     4   7.1449
#          85       0.00699      0.68      3.00     4   7.1449
#          86       0.00807     12.47      1.00     4   7.1449
#          87       0.00807     24.94      2.00     4   7.1449
#          88       0.01328      2.51      1.00     4   7.1449
#          89       0.01328      5.02      2.00     4   7.1449
#          90       0.00969      1.57      3.00     4   7.1450
#          91       0.02147      3.60      3.00     4   7.1450
#          92       0.00699      0.75      3.00     4   7.1449
#          93       0.01328      0.74      3.00     4   7.1449
#          94       0.00699      0.68      3.00     4   7.1449
#          95       0.01328      0.74      3.00     4   7.1449
#          96       0.00695      2.09      1.00     4   7.2078
#          97       0.00695      4.19      2.00     4   7.2079
#          98       0.00695      2.09      1.00     4   7.2078
#          99       0.00695      4.19      2.00     4   7.2078
#         100       0.00912     11.22      3.00     4   7.2078
#         101       0.00912     11.22      3.00     4   7.2079
#         102       0.00717      0.81      1.00     4   7.2078
#         103       0.00717      1.61      2.00     4   7.2079
#         104       0.00695      6.28      3.00     4   7.2078
#         105       0.00912     11.22      3.00     4   7.2078
#         106       0.00813      1.17      1.00     4   7.2078
#         107       0.00813      1.17      1.00     4   7.2079
#         108       0.00813      1.17      1.00     4   7.2079
#         109       0.00717      5.64      3.00     4   7.2079
#         110       0.01084     15.87      3.00     4   7.2078
#         111       0.00721      1.75      1.00     4   7.2079
#         112       0.00721      3.50      2.00     4   7.2078
#         113       0.00708      6.47      3.00     4   7.2079
#         114       0.00721      5.25      3.00     4   7.2078
#         115       0.00708      6.47      3.00     4   7.2078
#         116       0.00721      1.75      1.00     4   7.2079
#         117       0.00721      3.50      2.00     4   7.2079
#         118       0.01084     15.86      3.00     4   7.2078
#         119       0.01084     15.86      3.00     4   7.2078
#         120       0.00708      6.47      3.00     4   7.2078
#         121       0.00717      5.64      3.00     4   7.2079
#         122       0.00717      5.64      3.00     4   7.2079
#         123       0.00912      9.34      3.00     4   7.2078
#         124       0.00695      4.06      3.00     4   7.2078
#         125       0.00695      1.35      1.00     4   7.2078
#         126       0.00695      2.70      2.00     4   7.2078
#         127       0.00912      9.33      3.00     4   7.2078
#         128       0.00912      9.33      3.00     4   7.2078
#         129       0.00695      1.35      1.00     4   7.2078
#         130       0.00695      2.70      2.00     4   7.2078
#         131       0.00813      1.11      1.00     4   7.2078
#         132       0.00813      1.11      1.00     4   7.2079
#         133       0.00813      1.11      1.00     4   7.2079
#         134       0.00912     11.22      3.00     4   7.2078
#         135       0.00813      8.39      3.00     4   7.2078
#         136       0.00717      6.81      3.00     4   7.2079
#         137       0.00717      0.81      1.00     4   7.2078
#         138       0.00717      1.61      2.00     4   7.2079
#         139       0.00695      6.28      3.00     4   7.2078
#         140       0.00813      1.17      1.00     4   7.2078
#         141       0.00813      1.17      1.00     4   7.2079
#         142       0.00813      1.17      1.00     4   7.2079
#         143       0.00717      0.81      1.00     4   7.2078
#         144       0.00717      1.62      2.00     4   7.2079
#         145       0.00813      8.39      3.00     4   7.2079
#         146       0.00813      2.62      3.00     4   7.2079
#         147       0.01362      7.39      3.00     4   7.2078
#         148       0.00717      6.81      3.00     4   7.2079
#         149       0.00721      2.69      3.00     4   7.2079
#         150       0.00717      5.64      3.00     4   7.2079
#         151       0.01084     15.87      3.00     4   7.2078
#         152       0.00708      6.47      3.00     4   7.2078
#         153       0.00721      5.25      3.00     4   7.2079
#         154       0.01362      0.37      1.00     4   7.2078
#         155       0.01362      0.74      2.00     4   7.2078
#         156       0.00721      5.45      3.00     4   7.2079
#         157       0.01084     15.56      3.00     4   7.2078
#         158       0.01084      0.72      3.00     4   7.2078
#         159       0.01362      0.36      1.00     4   7.2078
#         160       0.01362      0.72      2.00     4   7.2078
#         161       0.00708      6.10      3.00     4   7.2078
#         162       0.00717      5.82      3.00     4   7.2078
#         163       0.01084      0.66      3.00     4   7.2078
#         164       0.00912      9.34      3.00     4   7.2078
#         165       0.00695      4.06      3.00     4   7.2078
#         166       0.01362      9.57      3.00     4   7.2078
#         167       0.00721      3.59      3.00     4   7.2079
#         168       0.00721      2.67      3.00     4   7.2079
#         169       0.00813      3.87      3.00     4   7.2079
#         170       0.01362      7.38      3.00     4   7.2078
#         171       0.01362      7.38      3.00     4   7.2078
#         172       0.00721      2.67      3.00     4   7.2079
#         173       0.00813      2.59      3.00     4   7.2079
#         174       0.00813      2.59      3.00     4   7.2079
#         175       0.00813      1.11      1.00     4   7.2078
#         176       0.00813      1.11      1.00     4   7.2079
#         177       0.00813      1.11      1.00     4   7.2079
#         178       0.00813      2.62      3.00     4   7.2079
#         179       0.01362      7.39      3.00     4   7.2078
#         180       0.00717      0.81      1.00     4   7.2078
#         181       0.00717      1.62      2.00     4   7.2079
#         182       0.00721      2.69      3.00     4   7.2079
#         183       0.00721      1.81      1.00     4   7.2079
#         184       0.00721      3.63      2.00     4   7.2079
#         185       0.01084     15.57      3.00     4   7.2078
#         186       0.01084     15.57      3.00     4   7.2078
#         187       0.00721      1.81      1.00     4   7.2079
#         188       0.00721      3.63      2.00     4   7.2079
#         189       0.00708      6.11      3.00     4   7.2078
#         190       0.01084     15.56      3.00     4   7.2078
#         191       0.00717      5.82      3.00     4   7.2079
#         192       0.00717      5.82      3.00     4   7.2079
#         193       0.01362      2.29      3.00     4   7.2078
#         194       0.01084      2.03      3.00     4   7.2079
#         195       0.00708      6.11      3.00     4   7.2078
#         196       0.00721      5.45      3.00     4   7.2079
#         197       0.01362      0.37      1.00     4   7.2078
#         198       0.01362      0.74      2.00     4   7.2078
#         199       0.01362      2.27      3.00     4   7.2079
#         200       0.01084      0.72      3.00     4   7.2078
#         201       0.01362      2.29      3.00     4   7.2078
#         202       0.00717      5.82      3.00     4   7.2079
#         203       0.01084      2.03      3.00     4   7.2078
#         204       0.01084      1.94      3.00     4   7.2078
#         205       0.01362      0.36      1.00     4   7.2078
#         206       0.01362      0.72      2.00     4   7.2078
#         207       0.01362      2.27      3.00     4   7.2078
#         208       0.00708      6.10      3.00     4   7.2078
#         209       0.01084      1.94      3.00     4   7.2078
#         210       0.01084      0.66      3.00     4   7.2078
#         211       0.01362      9.57      3.00     4   7.2078
#         212       0.00721      3.59      3.00     4   7.2079
#         213       0.00813      3.87      3.00     4   7.2079
#         214       0.00813      9.62      3.00     4   7.2079
#         215       0.01362      9.57      3.00     4   7.2078
#         216       0.01362      9.57      3.00     4   7.2078
#         217       0.00813      3.84      3.00     4   7.2079
#         218       0.00813      3.84      3.00     4   7.2079
#         219       0.00717      7.50      3.00     4   7.2079
#         220       0.00813      9.62      3.00     4   7.2079
#         221       0.00721      3.58      3.00     4   7.2078
#         222       0.00717      7.50      3.00     4   7.2079
#         223       0.00721      3.58      3.00     4   7.2079
#         224       0.00755     40.40      6.00     3   7.2708
#         225       0.00697     28.27      6.00     4   7.2708
#         226       0.00920     55.47      6.00     4   7.2708
#         227       0.00755     88.32      6.00     4   7.2708
#         228       0.01368     45.20      6.00     4   7.2708
#         229       0.00920     55.08      6.00     4   7.2708
#         230       0.00697     23.25      6.00     4   7.2708
#         231       0.01368      4.67      6.00     4   7.2708
#         232       0.02188     19.13      6.00     4   7.2708
#         233       0.01368      4.58      6.00     4   7.2708
#         234       0.01368     47.98      6.00     4   7.2708
#   234/ 234 paths used
#  xsedge+50, used to normalize mu           1.4599E-04
#  -----------------------------------------------------------------------
#  omega    e    k    mu    mu0     chi     @#
    8378.288    -18.776  -1.950  1.14591E-01 -2.83800E-03 -8.44343E-05
    8379.021    -18.043  -1.900  1.12381E-01 -3.00220E-03 -8.50218E-05
    8379.736    -17.328  -1.850  1.10171E-01 -3.16641E-03 -8.51597E-05
    8380.431    -16.633  -1.800  1.03244E-01 -3.34751E-03 -9.81791E-05
    8381.107    -15.957  -1.750  8.92403E-02 -3.55395E-03 -1.34593E-04
    8381.765    -15.300  -1.700  7.52367E-02 -3.76039E-03 -1.75755E-04
    8382.403    -14.661  -1.650  6.27296E-02 -4.00085E-03 -2.73590E-04
    8383.022    -14.042  -1.600  5.12203E-02 -4.26401E-03 -4.28160E-04
    8383.622    -13.442  -1.550  3.97110E-02 -4.52716E-03 -6.04359E-04
    8384.203    -12.861  -1.500  3.25722E-02 -4.85173E-03 -1.04457E-03
    8384.765    -12.299  -1.450  2.65260E-02 -5.19164E-03 -1.57375E-03
    8385.308    -11.756  -1.400  2.04799E-02 -5.53156E-03 -2.12820E-03
    8385.832    -11.232  -1.350  1.80860E-02 -5.97529E-03 -3.13733E-03
    8386.337    -10.728  -1.300  1.56922E-02 -6.41902E-03 -4.04415E-03
    8386.822    -10.242  -1.250  1.35945E-02 -6.88091E-03 -4.85161E-03
    8387.289     -9.775  -1.200  1.27346E-02 -7.42802E-03 -5.43399E-03
    8387.737     -9.327  -1.150  1.23502E-02 -8.08757E-03 -5.43367E-03
    8388.165     -8.899  -1.100  1.19657E-02 -8.74712E-03 -4.66840E-03
    8388.575     -8.489  -1.050  1.15813E-02 -9.40666E-03 -3.43184E-03
    8388.966     -8.099  -1.000  1.11235E-02 -1.02732E-02 -1.11561E-03
    8389.337     -7.727  -0.950  1.06551E-02 -1.11701E-02  1.84392E-03
    8389.689     -7.375  -0.900  1.01866E-02 -1.20670E-02  5.07333E-03
    8390.023     -7.041  -0.850  9.70072E-03 -1.29738E-02  8.30456E-03
    8390.337     -6.727  -0.800  8.81618E-03 -1.41076E-02  1.12544E-02
    8390.632     -6.432  -0.750  7.93164E-03 -1.52413E-02  1.39447E-02
    8390.909     -6.156  -0.700  7.04710E-03 -1.63751E-02  1.63427E-02
    8391.166     -5.898  -0.650  6.16256E-03 -1.75088E-02  1.84513E-02
    8391.404     -5.660  -0.600  5.29172E-03 -1.86191E-02  2.04761E-02
    8391.623     -5.441  -0.550  4.67905E-03 -1.92872E-02  2.21636E-02
    8391.823     -5.241  -0.500  4.06638E-03 -1.99554E-02  1.66928E-02
    8392.004     -5.060  -0.450  3.45371E-03 -2.06235E-02  5.76388E-03
    8392.166     -4.898  -0.400  2.84103E-03 -2.12916E-02 -7.14204E-03
    8392.309     -4.755  -0.350  2.22836E-03 -2.19598E-02 -1.78706E-02
    8392.433     -4.632  -0.300  1.61569E-03 -2.26279E-02 -2.29320E-02
    8392.537     -4.527  -0.250  1.00302E-03 -2.32961E-02 -2.06364E-02
    8392.623     -4.441  -0.200  3.90344E-04 -2.39642E-02 -1.16572E-02
    8392.690     -4.374  -0.150 -2.22328E-04 -2.46324E-02  1.16732E-03
    8392.737     -4.327  -0.100 -8.35001E-04 -2.53005E-02  1.37359E-02
    8392.766     -4.298  -0.050 -1.44767E-03 -2.59686E-02  2.20009E-02
    8392.775     -4.289   0.000 -2.05811E-03 -2.66343E-02  2.32814E-02
    8392.785     -4.279   0.050 -2.20268E-03 -2.67494E-02  2.32483E-02
    8392.814     -4.251   0.100 -2.34904E-03 -2.68646E-02  2.32134E-02
    8392.861     -4.203   0.150 -2.80647E-03 -2.72141E-02  2.30963E-02
    8392.928     -4.136   0.200 -3.27930E-03 -2.75636E-02  2.29647E-02
    8393.014     -4.051   0.250 -4.10454E-03 -2.81386E-02  2.27068E-02
    8393.118     -3.946   0.300 -4.96810E-03 -2.87137E-02  2.24131E-02
    8393.242     -3.822   0.350 -6.22860E-03 -2.94895E-02  2.19330E-02
    8393.385     -3.679   0.400 -7.54887E-03 -3.02654E-02  2.13976E-02
    8393.547     -3.517   0.450 -9.28115E-03 -3.11933E-02  2.06213E-02
    8393.728     -3.336   0.500 -1.10792E-02 -3.21213E-02  1.97846E-02
    8393.928     -3.136   0.550 -1.32523E-02 -3.31205E-02  1.86713E-02
    8394.147     -2.917   0.600 -1.54910E-02 -3.41197E-02  1.74975E-02
    8394.385     -2.679   0.650 -1.80073E-02 -3.50895E-02  1.60469E-02
    8394.642     -2.422   0.700 -2.06038E-02 -3.60592E-02  1.45205E-02
    8394.919     -2.146   0.750 -2.34618E-02 -3.69034E-02  1.26404E-02
    8395.214     -1.850   0.800 -2.65154E-02 -3.77477E-02  1.05726E-02
    8395.528     -1.536   0.850 -2.99227E-02 -3.84007E-02  7.99531E-03
    8395.862     -1.203   0.900 -3.37197E-02 -3.90537E-02  5.03990E-03
    8396.214     -0.850   0.950 -3.80187E-02 -3.94926E-02  1.39676E-03
    8396.585     -0.479   1.000 -4.28073E-02 -3.99316E-02 -2.73303E-03
    8396.976     -0.088   1.050 -4.80695E-02 -4.01679E-02 -7.53912E-03
    8397.386      0.321   1.100 -5.35508E-02 -4.04043E-02 -1.25928E-02
    8397.814      0.750   1.150 -5.90758E-02 -4.04745E-02 -1.79048E-02
    8398.262      1.198   1.200 -6.40198E-02 -4.05448E-02 -2.27069E-02
    8398.729      1.664   1.250 -6.82225E-02 -4.04965E-02 -2.69697E-02
    8399.214      2.150   1.300 -7.07634E-02 -4.04483E-02 -2.96552E-02
    8399.719      2.655   1.350 -7.19602E-02 -4.03300E-02 -3.11336E-02
    8400.243      3.179   1.400 -7.03689E-02 -4.02117E-02 -2.98689E-02
    8400.786      3.722   1.450 -6.68774E-02 -4.00687E-02 -2.67265E-02
    8401.348      4.284   1.500 -6.17004E-02 -3.99257E-02 -2.18512E-02
    8401.929      4.865   1.550 -5.48379E-02 -3.97925E-02 -1.51986E-02
    8402.529      5.465   1.600 -4.74354E-02 -3.96593E-02 -7.90772E-03
    8403.148      6.084   1.650 -3.98902E-02 -3.95640E-02 -3.33819E-04
    8403.786      6.722   1.700 -3.32166E-02 -3.94687E-02  6.44048E-03
    8404.444      7.379   1.750 -2.79048E-02 -3.94308E-02  1.19449E-02
    8405.120      8.056   1.800 -2.45506E-02 -3.93929E-02  1.54753E-02
    8405.815      8.751   1.850 -2.30750E-02 -3.94234E-02  1.71380E-02
    8406.530      9.465   1.900 -2.35298E-02 -3.94540E-02  1.67843E-02
    8407.263     10.199   1.950 -2.55295E-02 -3.95588E-02  1.48551E-02
    8408.015     10.951   2.000 -2.81452E-02 -3.96636E-02  1.22528E-02
    8408.787     11.723   2.050 -3.14240E-02 -3.98702E-02  9.01250E-03
    8409.578     12.513   2.100 -3.48437E-02 -4.00768E-02  5.60126E-03
    8410.387     13.323   2.150 -3.80942E-02 -4.02834E-02  2.35041E-03
    8411.216     14.152   2.200 -4.10749E-02 -4.04900E-02 -6.30049E-04
    8412.064     14.999   2.250 -4.39692E-02 -4.08118E-02 -3.40338E-03
    8412.930     15.866   2.300 -4.65750E-02 -4.11337E-02 -5.87022E-03
    8413.816     16.752   2.350 -4.87414E-02 -4.14555E-02 -7.86674E-03
    8414.721     17.657   2.400 -5.03135E-02 -4.17774E-02 -9.22429E-03
    8415.645     18.581   2.450 -5.13794E-02 -4.21699E-02 -9.93801E-03
    8416.588     19.524   2.500 -5.15515E-02 -4.25624E-02 -9.68656E-03
    8417.550     20.486   2.550 -5.08508E-02 -4.29548E-02 -8.49663E-03
    8418.531     21.467   2.600 -4.94298E-02 -4.33473E-02 -6.53597E-03
    8419.531     22.467   2.650 -4.75058E-02 -4.37523E-02 -4.02026E-03
    8420.550     23.486   2.700 -4.53398E-02 -4.41573E-02 -1.26246E-03
    8421.588     24.524   2.750 -4.32397E-02 -4.45622E-02  1.40733E-03
    8422.646     25.582   2.800 -4.14406E-02 -4.49672E-02  3.74059E-03
    8423.722     26.658   2.850 -4.00528E-02 -4.53202E-02  5.56257E-03
    8424.817     27.753   2.900 -3.92294E-02 -4.56732E-02  6.77523E-03
    8425.932     28.868   2.950 -3.89462E-02 -4.60262E-02  7.41183E-03
    8427.065     30.001   3.000 -3.91590E-02 -4.63792E-02  7.52603E-03
    8428.218     31.154   3.050 -3.98266E-02 -4.66188E-02  7.04762E-03
    8429.389     32.325   3.100 -4.07851E-02 -4.68583E-02  6.27298E-03
    8430.580     33.516   3.150 -4.20915E-02 -4.70978E-02  5.14771E-03
    8431.790     34.726   3.200 -4.37736E-02 -4.73373E-02  3.64796E-03
    8433.018     35.954   3.250 -4.54660E-02 -4.74208E-02  1.99363E-03
    8434.266     37.202   3.300 -4.72038E-02 -4.75044E-02  3.05388E-04
    8435.533     38.469   3.350 -4.89036E-02 -4.75879E-02 -1.33184E-03
    8436.819     39.755   3.400 -5.05212E-02 -4.76714E-02 -2.87423E-03
    8438.124     41.060   3.450 -5.18010E-02 -4.75948E-02 -4.23333E-03
    8439.448     42.384   3.500 -5.28314E-02 -4.75181E-02 -5.33622E-03
    8440.791     43.727   3.550 -5.35388E-02 -4.74414E-02 -6.11073E-03
    8442.153     45.089   3.600 -5.38552E-02 -4.73647E-02 -6.49091E-03
    8443.534     46.470   3.650 -5.36588E-02 -4.71658E-02 -6.49231E-03
    8444.934     47.870   3.700 -5.29896E-02 -4.69669E-02 -6.02109E-03
    8446.353     49.289   3.750 -5.18413E-02 -4.67680E-02 -5.07100E-03
    8447.792     50.728   3.800 -5.02553E-02 -4.65691E-02 -3.68390E-03
    8449.249     52.185   3.850 -4.82738E-02 -4.63177E-02 -1.95804E-03
    8450.725     53.661   3.900 -4.60434E-02 -4.60663E-02  2.29190E-05
    8452.221     55.157   3.950 -4.37263E-02 -4.58148E-02  2.09743E-03
    8453.735     56.671   4.000 -4.14997E-02 -4.55634E-02  4.08753E-03
    8455.269     58.205   4.050 -3.95323E-02 -4.53342E-02  5.85244E-03
    8456.821     59.757   4.100 -3.79884E-02 -4.51050E-02  7.19905E-03
    8458.393     61.329   4.150 -3.69940E-02 -4.48759E-02  7.99579E-03
    8459.984     62.919   4.200 -3.66338E-02 -4.46467E-02  8.15194E-03
    8461.593     64.529   4.250 -3.70516E-02 -4.44946E-02  7.59631E-03
    8463.222     66.158   4.300 -3.81438E-02 -4.43426E-02  6.34670E-03
    8464.870     67.806   4.350 -3.98399E-02 -4.41906E-02  4.46873E-03
    8466.537     69.473   4.400 -4.20110E-02 -4.40385E-02  2.08923E-03
    8468.223     71.159   4.450 -4.45967E-02 -4.39869E-02 -6.30108E-04
    8469.928     72.864   4.500 -4.72017E-02 -4.39353E-02 -3.38443E-03
    8471.652     74.588   4.550 -4.95417E-02 -4.38836E-02 -5.87876E-03
    8473.395     76.331   4.600 -5.13315E-02 -4.38320E-02 -7.81369E-03
    8475.157     78.093   4.650 -5.23958E-02 -4.38729E-02 -8.89533E-03
    8476.938     79.874   4.700 -5.25121E-02 -4.39139E-02 -8.98964E-03
    8478.738     81.674   4.750 -5.16821E-02 -4.39548E-02 -8.09313E-03
    8480.558     83.493   4.800 -5.00532E-02 -4.39957E-02 -6.35528E-03
    8482.396     85.332   4.850 -4.79261E-02 -4.40977E-02 -4.01844E-03
    8484.253     87.189   4.900 -4.56163E-02 -4.41996E-02 -1.48767E-03
    8486.130     89.065   4.950 -4.34569E-02 -4.43016E-02  8.87422E-04
    8488.025     90.961   5.000 -4.16982E-02 -4.44036E-02  2.84345E-03
    8489.940     92.875   5.050 -4.04608E-02 -4.45226E-02  4.26628E-03
    8491.873     94.809   5.100 -3.97457E-02 -4.46416E-02  5.13895E-03
    8493.826     96.762   5.150 -3.94525E-02 -4.47606E-02  5.56797E-03
    8495.797     98.733   5.200 -3.94536E-02 -4.48796E-02  5.68785E-03
    8497.788    100.724   5.250 -3.96298E-02 -4.49698E-02  5.59020E-03
    8499.798    102.734   5.300 -4.00125E-02 -4.50599E-02  5.27683E-03
    8501.827    104.763   5.350 -4.06659E-02 -4.51501E-02  4.68168E-03
    8503.875    106.810   5.400 -4.16830E-02 -4.52402E-02  3.70891E-03
    8505.942    108.877   5.450 -4.30849E-02 -4.52663E-02  2.27121E-03
    8508.028    110.963   5.500 -4.48838E-02 -4.52923E-02  4.24656E-04
    8510.133    113.068   5.550 -4.69299E-02 -4.53183E-02 -1.67326E-03
    8512.257    115.192   5.600 -4.89697E-02 -4.53443E-02 -3.75883E-03
    8514.400    117.336   5.650 -5.06235E-02 -4.52941E-02 -5.52046E-03
    8516.562    119.498   5.700 -5.16730E-02 -4.52439E-02 -6.65359E-03
    8518.743    121.679   5.750 -5.19424E-02 -4.51937E-02 -6.97809E-03
    8520.943    123.879   5.800 -5.13978E-02 -4.51435E-02 -6.46102E-03
    8523.163    126.099   5.850 -5.00485E-02 -4.50276E-02 -5.18694E-03
    8525.401    128.337   5.900 -4.81911E-02 -4.49118E-02 -3.38780E-03
    8527.658    130.594   5.950 -4.60678E-02 -4.47959E-02 -1.31404E-03
    8529.935    132.871   6.000 -4.39082E-02 -4.46800E-02  7.97391E-04
    8532.230    135.166   6.050 -4.18925E-02 -4.45598E-02  2.75942E-03
    8534.545    137.481   6.100 -4.02281E-02 -4.44395E-02  4.36301E-03
    8536.879    139.814   6.150 -3.90298E-02 -4.43193E-02  5.48757E-03
    8539.231    142.167   6.200 -3.83881E-02 -4.41990E-02  6.03690E-03
    8541.603    144.539   6.250 -3.83685E-02 -4.40788E-02  5.94068E-03
    8543.994    146.930   6.300 -3.89890E-02 -4.39586E-02  5.17723E-03
    8546.404    149.339   6.350 -4.01912E-02 -4.38383E-02  3.80489E-03
    8548.832    151.768   6.400 -4.18217E-02 -4.37181E-02  1.98118E-03
    8551.280    154.216   6.450 -4.36429E-02 -4.35978E-02 -4.71365E-05
    8553.747    156.683   6.500 -4.53741E-02 -4.34776E-02 -1.98692E-03
    8556.233    159.169   6.550 -4.68929E-02 -4.34583E-02 -3.60316E-03
    8558.738    161.674   6.600 -4.78691E-02 -4.34390E-02 -4.65382E-03
    8561.263    164.198   6.650 -4.82119E-02 -4.34197E-02 -5.04104E-03
    8563.806    166.742   6.700 -4.79443E-02 -4.34004E-02 -4.78643E-03
    8566.368    169.304   6.750 -4.71785E-02 -4.33811E-02 -4.00548E-03
    8568.949    171.885   6.800 -4.60728E-02 -4.33618E-02 -2.86351E-03
    8571.549    174.485   6.850 -4.47908E-02 -4.33425E-02 -1.53180E-03
    8574.169    177.105   6.900 -4.34734E-02 -4.33232E-02 -1.59058E-04
    8576.807    179.743   6.950 -4.22329E-02 -4.33039E-02  1.13593E-03
    8579.465    182.401   7.000 -4.11609E-02 -4.32846E-02  2.25558E-03
    8582.141    185.077   7.050 -4.03451E-02 -4.33100E-02  3.14848E-03
    8584.837    187.773   7.100 -3.98801E-02 -4.33354E-02  3.66871E-03
    8587.551    190.487   7.150 -3.98380E-02 -4.33607E-02  3.73990E-03
    8590.285    193.221   7.200 -4.02440E-02 -4.33861E-02  3.33536E-03
    8593.038    195.974   7.250 -4.10540E-02 -4.34115E-02  2.50215E-03
    8595.810    198.745   7.300 -4.21483E-02 -4.34368E-02  1.36741E-03
    8598.600    201.536   7.350 -4.33502E-02 -4.34622E-02  1.18854E-04
    8601.410    204.346   7.400 -4.44651E-02 -4.34875E-02 -1.03710E-03
    8604.239    207.175   7.450 -4.53282E-02 -4.35129E-02 -1.92568E-03
    8607.087    210.023   7.500 -4.58425E-02 -4.35383E-02 -2.44409E-03
    8609.954    212.890   7.550 -4.59164E-02 -4.34778E-02 -2.58614E-03
    8612.840    215.776   7.600 -4.56850E-02 -4.34174E-02 -2.40459E-03
    8615.745    218.681   7.650 -4.52553E-02 -4.33569E-02 -2.01272E-03
    8618.669    221.605   7.700 -4.47309E-02 -4.32965E-02 -1.52064E-03
    8621.613    224.549   7.750 -4.41802E-02 -4.32360E-02 -1.00083E-03
    8624.575    227.511   7.800 -4.36271E-02 -4.31755E-02 -4.78603E-04
    8627.556    230.492   7.850 -4.30654E-02 -4.31151E-02  5.26148E-05
    8630.557    233.492   7.900 -4.24863E-02 -4.30546E-02  6.02213E-04
    8633.576    236.512   7.950 -4.19034E-02 -4.29942E-02  1.15550E-03
    8636.614    239.550   8.000 -4.13647E-02 -4.29337E-02  1.66198E-03
    8639.672    242.608   8.050 -4.08788E-02 -4.28328E-02  2.07204E-03
    8642.749    245.684   8.100 -4.05888E-02 -4.27318E-02  2.27504E-03
    8645.844    248.780   8.150 -4.05681E-02 -4.26308E-02  2.19232E-03
    8648.959    251.895   8.200 -4.08438E-02 -4.25298E-02  1.79401E-03
    8652.093    255.028   8.250 -4.13842E-02 -4.24288E-02  1.11283E-03
    8655.245    258.181   8.300 -4.21035E-02 -4.23279E-02  2.39291E-04
    8658.417    261.353   8.350 -4.28804E-02 -4.22269E-02 -6.97786E-04
    8661.608    264.544   8.400 -4.35828E-02 -4.21259E-02 -1.55722E-03
    8664.818    267.754   8.450 -4.40905E-02 -4.20249E-02 -2.21034E-03
    8668.047    270.983   8.500 -4.43135E-02 -4.19240E-02 -2.56002E-03
    8671.295    274.231   8.550 -4.42930E-02 -4.18965E-02 -2.57056E-03
    8674.562    277.498   8.600 -4.39391E-02 -4.18690E-02 -2.22299E-03
    8677.848    280.784   8.650 -4.32937E-02 -4.18415E-02 -1.56132E-03
    8681.153    284.089   8.700 -4.24439E-02 -4.18140E-02 -6.78066E-04
    8684.477    287.413   8.750 -4.15114E-02 -4.17865E-02  2.96459E-04
    8687.821    290.757   8.800 -4.06349E-02 -4.17590E-02  1.21285E-03
    8691.183    294.119   8.850 -3.99463E-02 -4.17315E-02  1.92846E-03
    8694.564    297.500   8.900 -3.95443E-02 -4.17040E-02  2.33577E-03
    8697.965    300.901   8.950 -3.94734E-02 -4.16765E-02  2.38554E-03
    8701.384    304.320   9.000 -3.97148E-02 -4.16491E-02  2.09685E-03
    8704.823    307.759   9.050 -4.02178E-02 -4.16512E-02  1.55418E-03
    8708.280    311.216   9.100 -4.08506E-02 -4.16533E-02  8.70466E-04
    8711.757    314.693   9.150 -4.15029E-02 -4.16554E-02  1.65340E-04
    8715.253    318.188   9.200 -4.20863E-02 -4.16575E-02 -4.65267E-04
    8718.767    321.703   9.250 -4.25491E-02 -4.16596E-02 -9.65276E-04
    8722.301    325.237   9.300 -4.28761E-02 -4.16617E-02 -1.31814E-03
    8725.854    328.790   9.350 -4.30755E-02 -4.16638E-02 -1.53262E-03
    8729.426    332.362   9.400 -4.31604E-02 -4.16659E-02 -1.62283E-03
    8733.017    335.952   9.450 -4.31345E-02 -4.16680E-02 -1.59282E-03
    8736.627    339.562   9.500 -4.29892E-02 -4.16701E-02 -1.43304E-03
    8740.256    343.191   9.550 -4.26461E-02 -4.16050E-02 -1.13127E-03
    8743.904    346.839   9.600 -4.21736E-02 -4.15400E-02 -6.88728E-04
    8747.571    350.507   9.650 -4.15992E-02 -4.14749E-02 -1.35143E-04
    8751.257    354.193   9.700 -4.09820E-02 -4.14099E-02  4.65397E-04
    8754.962    357.898   9.750 -4.04031E-02 -4.13449E-02  1.02468E-03
    8758.686    361.622   9.800 -3.99455E-02 -4.12798E-02  1.45228E-03
    8762.430    365.366   9.850 -3.96710E-02 -4.12148E-02  1.68068E-03
    8766.192    369.128   9.900 -3.96040E-02 -4.11497E-02  1.68337E-03
    8769.973    372.909   9.950 -3.97270E-02 -4.10847E-02  1.47905E-03
    8773.774    376.710  10.000 -3.99911E-02 -4.10197E-02  1.12086E-03
    8777.593    380.529  10.050 -4.03260E-02 -4.09489E-02  6.79626E-04
    8781.432    384.368  10.100 -4.06830E-02 -4.08782E-02  2.13213E-04
    8785.290    388.225  10.150 -4.10259E-02 -4.08075E-02 -2.38838E-04
    8789.166    392.102  10.200 -4.13355E-02 -4.07368E-02 -6.55336E-04
    8793.062    395.998  10.250 -4.15997E-02 -4.06661E-02 -1.02310E-03
    8796.977    399.913  10.300 -4.18018E-02 -4.05953E-02 -1.32348E-03
    8800.911    403.846  10.350 -4.19124E-02 -4.05246E-02 -1.52410E-03
    8804.863    407.799  10.400 -4.18924E-02 -4.04539E-02 -1.58152E-03
    8808.835    411.771  10.450 -4.17052E-02 -4.03832E-02 -1.45511E-03
    8812.826    415.762  10.500 -4.13350E-02 -4.03124E-02 -1.12677E-03
    8816.836    419.772  10.550 -4.08014E-02 -4.02417E-02 -6.17443E-04
    8820.865    423.801  10.600 -4.01641E-02 -4.01710E-02  7.65347E-06
    8824.913    427.849  10.650 -3.95131E-02 -4.01003E-02  6.49209E-04
    8828.981    431.916  10.700 -3.89482E-02 -4.00295E-02  1.19684E-03
    8833.067    436.003  10.750 -3.85534E-02 -3.99588E-02  1.55730E-03
    8837.172    440.108  10.800 -3.83757E-02 -3.98881E-02  1.67776E-03
    8841.296    444.232  10.850 -3.84160E-02 -3.98174E-02  1.55638E-03
    8845.440    448.376  10.900 -3.86339E-02 -3.97466E-02  1.23718E-03
    8849.602    452.538  10.950 -3.89639E-02 -3.96759E-02  7.92536E-04
    8853.784    456.719  11.000 -3.93351E-02 -3.96052E-02  3.01040E-04
    8857.984    460.920  11.050 -3.97025E-02 -3.95496E-02 -1.70425E-04
    8862.204    465.139  11.100 -4.00149E-02 -3.94941E-02 -5.81045E-04
    8866.442    469.378  11.150 -4.02475E-02 -3.94385E-02 -9.02923E-04
    8870.700    473.636  11.200 -4.03850E-02 -3.93830E-02 -1.11902E-03
    8874.977    477.912  11.250 -4.04168E-02 -3.93274E-02 -1.21723E-03
    8879.272    482.208  11.300 -4.03354E-02 -3.92718E-02 -1.18899E-03
    8883.587    486.523  11.350 -4.01399E-02 -3.92163E-02 -1.03312E-03
    8887.921    490.857  11.400 -3.98418E-02 -3.91607E-02 -7.62270E-04
    8892.274    495.210  11.450 -3.94691E-02 -3.91052E-02 -4.07507E-04
    8896.646    499.582  11.500 -3.90647E-02 -3.90496E-02 -1.68787E-05
    8901.037    503.973  11.550 -3.86792E-02 -3.89940E-02  3.53011E-04
    8905.447    508.383  11.600 -3.83589E-02 -3.89385E-02  6.50106E-04
    8909.876    512.812  11.650 -3.81347E-02 -3.88829E-02  8.39708E-04
    8914.324    517.260  11.700 -3.80153E-02 -3.88274E-02  9.11829E-04
    8918.791    521.727  11.750 -3.79884E-02 -3.87718E-02  8.80102E-04
    8923.278    526.214  11.800 -3.80286E-02 -3.87163E-02  7.72936E-04
    8927.783    530.719  11.850 -3.81086E-02 -3.86607E-02  6.20906E-04
    8932.307    535.243  11.900 -3.82089E-02 -3.86051E-02  4.45922E-04
    8936.851    539.787  11.950 -3.83216E-02 -3.85496E-02  2.56714E-04
    8941.413    544.349  12.000 -3.84478E-02 -3.84940E-02  5.21188E-05
    8945.995    548.931  12.050 -3.85779E-02 -3.84279E-02 -1.69262E-04
    8950.595    553.531  12.100 -3.87179E-02 -3.83617E-02 -4.02157E-04
    8955.215    558.151  12.150 -3.88490E-02 -3.82956E-02 -6.25509E-04
    8959.854    562.789  12.200 -3.89405E-02 -3.82294E-02 -8.04660E-04
    8964.511    567.447  12.250 -3.89581E-02 -3.81633E-02 -9.00348E-04
    8969.188    572.124  12.300 -3.88747E-02 -3.80971E-02 -8.81814E-04
    8973.884    576.820  12.350 -3.86816E-02 -3.80310E-02 -7.38663E-04
    8978.599    581.534  12.400 -3.83930E-02 -3.79648E-02 -4.86650E-04
    8983.333    586.268  12.450 -3.80438E-02 -3.78987E-02 -1.65109E-04
    8988.086    591.021  12.500 -3.76808E-02 -3.78325E-02  1.72874E-04
    8992.858    595.793  12.550 -3.73510E-02 -3.77664E-02  4.73759E-04
    8997.649    600.584  12.600 -3.70910E-02 -3.77002E-02  6.95586E-04
    9002.459    605.395  12.650 -3.69210E-02 -3.76341E-02  8.15046E-04
    9007.288    610.224  12.700 -3.68441E-02 -3.75679E-02  8.28213E-04
    9012.136    615.072  12.750 -3.68504E-02 -3.75018E-02  7.46158E-04
    9017.003    619.939  12.800 -3.69226E-02 -3.74356E-02  5.88381E-04
    9021.890    624.825  12.850 -3.70410E-02 -3.73695E-02  3.77197E-04
    9026.795    629.731  12.900 -3.71858E-02 -3.73034E-02  1.35071E-04
    9031.719    634.655  12.950 -3.73373E-02 -3.72372E-02 -1.15134E-04
    9036.663    639.599  13.000 -3.74738E-02 -3.71711E-02 -3.48728E-04
    9041.625    644.561  13.050 -3.75688E-02 -3.70975E-02 -5.43361E-04
    9046.607    649.543  13.100 -3.76029E-02 -3.70239E-02 -6.68014E-04
    9051.607    654.543  13.150 -3.75585E-02 -3.69503E-02 -7.02284E-04
    9056.627    659.563  13.200 -3.74300E-02 -3.68768E-02 -6.39398E-04
    9061.666    664.602  13.250 -3.72269E-02 -3.68032E-02 -4.90076E-04
    9066.724    669.659  13.300 -3.69730E-02 -3.67296E-02 -2.81696E-04
    9071.800    674.736  13.350 -3.67013E-02 -3.66561E-02 -5.23794E-05
    9076.896    679.832  13.400 -3.64459E-02 -3.65825E-02  1.58383E-04
    9082.011    684.947  13.450 -3.62336E-02 -3.65089E-02  3.19432E-04
    9087.145    690.081  13.500 -3.60783E-02 -3.64353E-02  4.14631E-04
    9092.298    695.234  13.550 -3.59794E-02 -3.63618E-02  4.44374E-04
    9097.470    700.406  13.600 -3.59256E-02 -3.62882E-02  4.21786E-04
    9102.661    705.597  13.650 -3.59006E-02 -3.62146E-02  3.65529E-04
    9107.871    710.807  13.700 -3.58902E-02 -3.61411E-02  2.92322E-04
    9113.101    716.036  13.750 -3.58856E-02 -3.60675E-02  2.12107E-04
    9118.349    721.285  13.800 -3.58847E-02 -3.59939E-02  1.27441E-04
    9123.616    726.552  13.850 -3.58889E-02 -3.59204E-02  3.67354E-05
    9128.903    731.838  13.900 -3.58987E-02 -3.58468E-02 -6.07075E-05
    9134.208    737.144  13.950 -3.59104E-02 -3.57732E-02 -1.60508E-04
    9139.532    742.468  14.000 -3.59149E-02 -3.56996E-02 -2.51982E-04
    9144.876    747.812  14.050 -3.59168E-02 -3.56427E-02 -3.21186E-04
    9150.238    753.174  14.100 -3.58890E-02 -3.55858E-02 -3.55732E-04
    9155.620    758.556  14.150 -3.58250E-02 -3.55289E-02 -3.47787E-04
    9161.021    763.957  14.200 -3.57242E-02 -3.54720E-02 -2.96586E-04
    9166.440    769.376  14.250 -3.55927E-02 -3.54150E-02 -2.09121E-04
    9171.879    774.815  14.300 -3.54418E-02 -3.53581E-02 -9.85495E-05
    9177.337    780.273  14.350 -3.52850E-02 -3.53012E-02  1.90789E-05
    9182.814    785.750  14.400 -3.51354E-02 -3.52443E-02  1.28558E-04
    9188.310    791.246  14.450 -3.50027E-02 -3.51874E-02  2.18313E-04
    9193.825    796.761  14.500 -3.48928E-02 -3.51305E-02  2.81336E-04
    9199.359    802.295  14.550 -3.48083E-02 -3.50735E-02  3.14317E-04
    9204.912    807.848  14.600 -3.47503E-02 -3.50166E-02  3.15919E-04
    9210.484    813.420  14.650 -3.47193E-02 -3.49597E-02  2.85563E-04
    9216.075    819.011  14.700 -3.47147E-02 -3.49028E-02  2.23676E-04
    9221.685    824.621  14.750 -3.47338E-02 -3.48459E-02  1.33386E-04
    9227.314    830.250  14.800 -3.47700E-02 -3.47889E-02  2.26073E-05
    9232.963    835.899  14.850 -3.48117E-02 -3.47320E-02 -9.50503E-05
    9238.630    841.566  14.900 -3.48440E-02 -3.46751E-02 -2.01700E-04
    9244.316    847.252  14.950 -3.48515E-02 -3.46182E-02 -2.78968E-04
    9250.022    852.958  15.000 -3.48227E-02 -3.45613E-02 -3.12938E-04
    9255.746    858.682  15.050 -3.47331E-02 -3.44812E-02 -3.01844E-04
    9261.490    864.426  15.100 -3.46057E-02 -3.44011E-02 -2.45357E-04
    9267.253    870.188  15.150 -3.44509E-02 -3.43211E-02 -1.55952E-04
    9273.034    875.970  15.200 -3.42844E-02 -3.42410E-02 -5.21792E-05
    9278.835    881.771  15.250 -3.41222E-02 -3.41609E-02  4.65706E-05
    9284.655    887.591  15.300 -3.39770E-02 -3.40808E-02  1.25062E-04
    9290.493    893.429  15.350 -3.38554E-02 -3.40008E-02  1.75253E-04
    9296.351    899.287  15.400 -3.37579E-02 -3.39207E-02  1.96567E-04
    9302.228    905.164  15.450 -3.36803E-02 -3.38406E-02  1.93761E-04
    9308.124    911.060  15.500 -3.36170E-02 -3.37606E-02  1.73675E-04
    9314.039    916.975  15.550 -3.35629E-02 -3.36805E-02  1.42367E-04
    9319.973    922.909  15.600 -3.35148E-02 -3.36004E-02  1.03740E-04
    9325.926    928.862  15.650 -3.34710E-02 -3.35203E-02  5.98663E-05
    9331.898    934.834  15.700 -3.34301E-02 -3.34403E-02  1.24048E-05
    9337.890    940.826  15.750 -3.33898E-02 -3.33602E-02 -3.59408E-05
    9343.900    946.836  15.800 -3.33465E-02 -3.32801E-02 -8.08185E-05
    9349.929    952.865  15.850 -3.32959E-02 -3.32001E-02 -1.16826E-04
    9355.978    958.913  15.900 -3.32339E-02 -3.31200E-02 -1.38975E-04
    9362.045    964.981  15.950 -3.31580E-02 -3.30399E-02 -1.44269E-04
    9368.131    971.067  16.000 -3.30683E-02 -3.29598E-02 -1.32630E-04
    9374.237    977.173  16.050 -3.29869E-02 -3.28989E-02 -1.07766E-04
    9380.361    983.297  16.100 -3.28967E-02 -3.28379E-02 -7.20738E-05
    9386.505    989.441  16.150 -3.28022E-02 -3.27769E-02 -3.10548E-05
    9392.668    995.604  16.200 -3.27078E-02 -3.27159E-02  9.89297E-06
    9398.849   1001.785  16.250 -3.26170E-02 -3.26549E-02  4.66048E-05
    9405.050   1007.986  16.300 -3.25317E-02 -3.25939E-02  7.65348E-05
    9411.270   1014.206  16.350 -3.24531E-02 -3.25329E-02  9.83968E-05
    9417.509   1020.445  16.400 -3.23816E-02 -3.24719E-02  1.11429E-04
    9423.767   1026.703  16.450 -3.23180E-02 -3.24110E-02  1.14792E-04
    9430.044   1032.980  16.500 -3.22630E-02 -3.23500E-02  1.07490E-04
    9436.340   1039.276  16.550 -3.22172E-02 -3.22890E-02  8.88661E-05
    9442.655   1045.591  16.600 -3.21800E-02 -3.22280E-02  5.94196E-05
    9448.989   1051.925  16.650 -3.21497E-02 -3.21670E-02  2.15109E-05
    9455.342   1058.278  16.700 -3.21225E-02 -3.21060E-02 -2.04644E-05
    9461.714   1064.650  16.750 -3.20938E-02 -3.20450E-02 -6.06126E-05
    9468.105   1071.041  16.800 -3.20585E-02 -3.19840E-02 -9.26958E-05
    9474.516   1077.452  16.850 -3.20126E-02 -3.19231E-02 -1.11561E-04
    9480.945   1083.881  16.900 -3.19538E-02 -3.18621E-02 -1.14387E-04
    9487.393   1090.329  16.950 -3.18822E-02 -3.18011E-02 -1.01343E-04
    9493.861   1096.797  17.000 -3.18004E-02 -3.17401E-02 -7.54625E-05
    9500.347   1103.283  17.050 -3.16932E-02 -3.16594E-02 -4.23031E-05
    9506.853   1109.789  17.100 -3.15835E-02 -3.15787E-02 -5.99249E-06
    9513.378   1116.313  17.150 -3.14756E-02 -3.14981E-02  2.81482E-05
    9519.921   1122.857  17.200 -3.13729E-02 -3.14174E-02  5.58445E-05
    9526.484   1129.420  17.250 -3.12776E-02 -3.13367E-02  7.44209E-05
    9533.066   1136.001  17.300 -3.11903E-02 -3.12560E-02  8.28601E-05
    9539.666   1142.602  17.350 -3.11108E-02 -3.11754E-02  8.14850E-05
    9546.286   1149.222  17.400 -3.10381E-02 -3.10947E-02  7.15028E-05
    9552.925   1155.861  17.450 -3.09708E-02 -3.10140E-02  5.46412E-05
    9559.583   1162.519  17.500 -3.09073E-02 -3.09333E-02  3.29815E-05
    9566.260   1169.196  17.550 -3.08456E-02 -3.08526E-02  8.93442E-06
    9572.956   1175.892  17.600 -3.07836E-02 -3.07720E-02 -1.48047E-05
    9579.671   1182.607  17.650 -3.07192E-02 -3.06913E-02 -3.54643E-05
    9586.405   1189.341  17.700 -3.06504E-02 -3.06106E-02 -5.05980E-05
    9593.159   1196.094  17.750 -3.05759E-02 -3.05299E-02 -5.85617E-05
    9599.931   1202.867  17.800 -3.04954E-02 -3.04493E-02 -5.88710E-05
    9606.722   1209.658  17.850 -3.04095E-02 -3.03686E-02 -5.22711E-05
    9613.533   1216.468  17.900 -3.03196E-02 -3.02879E-02 -4.04801E-05
    9620.362   1223.298  17.950 -3.02273E-02 -3.02072E-02 -2.57056E-05
    9627.210   1230.146  18.000 -3.01344E-02 -3.01266E-02 -1.01244E-05
    9634.078   1237.014  18.050 -3.00510E-02 -3.00545E-02  4.57620E-06
    9640.964   1243.900  18.100 -2.99690E-02 -2.99825E-02  1.74269E-05
    9647.870   1250.806  18.150 -2.98890E-02 -2.99105E-02  2.76219E-05
    9654.795   1257.730  18.200 -2.98115E-02 -2.98385E-02  3.47274E-05
    9661.738   1264.674  18.250 -2.97366E-02 -2.97665E-02  3.85354E-05
    9668.701   1271.637  18.300 -2.96643E-02 -2.96945E-02  3.89460E-05
    9675.683   1278.619  18.350 -2.95947E-02 -2.96224E-02  3.59291E-05
    9682.684   1285.620  18.400 -2.95276E-02 -2.95504E-02  2.95779E-05
    9689.704   1292.639  18.450 -2.94628E-02 -2.94784E-02  2.02286E-05
    9696.743   1299.678  18.500 -2.93998E-02 -2.94064E-02  8.58414E-06
    9703.801   1306.736  18.550 -2.93376E-02 -2.93344E-02 -4.22897E-06
    9710.878   1313.813  18.600 -2.92752E-02 -2.92624E-02 -1.67286E-05
    9717.974   1320.910  18.650 -2.92113E-02 -2.91903E-02 -2.72826E-05
    9725.089   1328.025  18.700 -2.91447E-02 -2.91183E-02 -3.44104E-05
    9732.223   1335.159  18.750 -2.90747E-02 -2.90463E-02 -3.70972E-05
    9739.376   1342.312  18.800 -2.90011E-02 -2.89743E-02 -3.50192E-05
    9746.549   1349.484  18.850 -2.89241E-02 -2.89023E-02 -2.86108E-05
    9753.740   1356.676  18.900 -2.88447E-02 -2.88303E-02 -1.89567E-05
    9760.950   1363.886  18.950 -2.87640E-02 -2.87582E-02 -7.55234E-06
    9768.180   1371.116  19.000 -2.86832E-02 -2.86862E-02  3.98636E-06
    9775.428   1378.364  19.050 -2.86041E-02 -2.86150E-02  1.43494E-05
    9782.696   1385.632  19.100 -2.85268E-02 -2.85438E-02  2.24205E-05
    9789.982   1392.918  19.150 -2.84517E-02 -2.84726E-02  2.74690E-05
    9797.288   1400.224  19.200 -2.83793E-02 -2.84014E-02  2.90761E-05
    9804.613   1407.549  19.250 -2.83096E-02 -2.83302E-02  2.71324E-05
    9811.956   1414.892  19.300 -2.82424E-02 -2.82589E-02  2.19238E-05
    9819.319   1422.255  19.350 -2.81770E-02 -2.81877E-02  1.42128E-05
    9826.701   1429.637  19.400 -2.81126E-02 -2.81165E-02  5.18891E-06
    9834.102   1437.038  19.450 -2.80481E-02 -2.80453E-02 -3.75947E-06
    9841.522   1444.458  19.500 -2.79826E-02 -2.79741E-02 -1.13724E-05
    9848.961   1451.897  19.550 -2.79155E-02 -2.79029E-02 -1.67954E-05
    9856.419   1459.355  19.600 -2.78464E-02 -2.78316E-02 -1.96836E-05
    9863.896   1466.832  19.650 -2.77755E-02 -2.77604E-02 -2.01166E-05
    9871.392   1474.328  19.700 -2.77030E-02 -2.76892E-02 -1.84186E-05
    9878.907   1481.843  19.750 -2.76292E-02 -2.76180E-02 -1.50074E-05
    9886.442   1489.378  19.800 -2.75545E-02 -2.75468E-02 -1.03416E-05
    9893.995   1496.931  19.850 -2.74792E-02 -2.74756E-02 -4.94471E-06
    9901.567   1504.503  19.900 -2.74039E-02 -2.74043E-02  5.76738E-07
    9909.159   1512.095  19.950 -2.73290E-02 -2.73331E-02  5.58366E-06
    9916.769   1519.705  20.000 -2.72549E-02 -2.72619E-02  9.52055E-06
