# # Cu                                                           FEFF 9.5.1  
# # POT  Non-SCF, core-hole, AFOLP (folp(0)= 1.150)
# # Abs   Z=29 Rmt= 1.449 Rnm= 1.502 K  shell
# # Pot 1 Z=29 Rmt= 1.356 Rnm= 1.393
# # Gam_ch=1.729E+00 H-L exch
# # Mu=-3.777E+00 kf=1.822E+00 Vint=-1.643E+01 Rs_int= 1.990
# # PATH  Rmax= 5.500,  Keep_limit= 0.00, Heap_limit 0.00  Pwcrit= 2.50%
#  S02=1.000  Temp= 190.00  Debye_temp= 315.00  Global_sig2= 0.00000
#  Curved wave amplitude ratio filter   4.000%
#     file         sig2 tot  cw amp ratio   deg  nlegs   reff  inp sig2
#           1       0.00610    100.00     12.00     2   2.5527
#           2       0.00748     23.00      6.00     2   3.6100
#           3       0.00687     12.34     48.00     3   3.8290
#           4       0.00757      9.42     48.00     3   4.3577
#           5       0.00767     55.83     24.00     2   4.4213
#           6       0.00772     11.78     48.00     3   4.7633
#           7       0.00772     25.47     96.00     3   4.7633
#           8       0.00776     19.17     12.00     2   5.1053
#           9       0.00776      9.63     12.00     3   5.1053
#          10       0.00776     44.57     24.00     3   5.1053
#          11       0.00776      9.70     12.00     4   5.1053
#          12       0.02442      4.46     12.00     4   5.1053
#          14       0.00776     32.37     12.00     4   5.1053
#          16       0.00807      4.64     48.00     3   5.2920
#    14/  15 paths used
#  xsedge+50, used to normalize mu           2.4822E-04
#  -----------------------------------------------------------------------
#  omega    e    k    mu    mu0     chi     @#
    8988.456     -3.767   0.050  3.49736E-01  4.91476E-01 -1.48779E-01
    8988.485     -3.739   0.100  3.51552E-01  4.98291E-01 -1.53977E-01
    8988.532     -3.691   0.150  3.57152E-01  5.18402E-01 -1.69054E-01
    8988.599     -3.625   0.200  3.62617E-01  5.38514E-01 -1.84246E-01
    8988.685     -3.539   0.250  3.71078E-01  5.69923E-01 -2.07994E-01
    8988.789     -3.434   0.300  3.79692E-01  6.01332E-01 -2.31515E-01
    8988.913     -3.310   0.350  3.87899E-01  6.38126E-01 -2.60899E-01
    8989.056     -3.167   0.400  3.97511E-01  6.74921E-01 -2.88713E-01
    8989.218     -3.006   0.450  4.02777E-01  7.09439E-01 -3.18495E-01
    8989.399     -2.825   0.500  4.11798E-01  7.43957E-01 -3.44263E-01
    8989.599     -2.625   0.550  4.16288E-01  7.71852E-01 -3.67709E-01
    8989.818     -2.405   0.600  4.27466E-01  7.99748E-01 -3.84149E-01
    8990.056     -2.167   0.650  4.37502E-01  8.20770E-01 -3.94631E-01
    8990.313     -1.910   0.700  4.56834E-01  8.41792E-01 -3.95519E-01
    8990.590     -1.634   0.750  4.78783E-01  8.57350E-01 -3.88174E-01
    8990.885     -1.339   0.800  5.11411E-01  8.72909E-01 -3.69929E-01
    8991.199     -1.024   0.850  5.48858E-01  8.84451E-01 -3.42842E-01
    8991.533     -0.691   0.900  5.96548E-01  8.95994E-01 -3.05398E-01
    8991.885     -0.339   0.950  6.49212E-01  9.04601E-01 -2.60129E-01
    8992.257      0.033   1.000  7.09694E-01  9.13209E-01 -2.07024E-01
    8992.647      0.423   1.050  7.73436E-01  9.19598E-01 -1.48558E-01
    8993.057      0.833   1.100  8.40830E-01  9.25987E-01 -8.64801E-02
    8993.485      1.262   1.150  9.08388E-01  9.30664E-01 -2.26152E-02
    8993.933      1.709   1.200  9.74356E-01  9.35342E-01  3.95947E-02
    8994.400      2.176   1.250  1.03653E+00  9.38642E-01  9.93599E-02
    8994.885      2.662   1.300  1.09179E+00  9.41942E-01  1.52132E-01
    8995.390      3.167   1.350  1.13949E+00  9.44147E-01  1.98452E-01
    8995.914      3.691   1.400  1.17610E+00  9.46353E-01  2.33569E-01
    8996.457      4.233   1.450  1.20259E+00  9.47651E-01  2.59477E-01
    8997.019      4.795   1.500  1.21621E+00  9.48950E-01  2.72323E-01
    8997.600      5.376   1.550  1.21944E+00  9.49517E-01  2.75465E-01
    8998.200      5.977   1.600  1.21121E+00  9.50085E-01  2.66892E-01
    8998.819      6.596   1.650  1.19479E+00  9.50070E-01  2.50596E-01
    8999.457      7.234   1.700  1.17137E+00  9.50055E-01  2.27054E-01
    9000.115      7.891   1.750  1.14426E+00  9.49594E-01  2.00139E-01
    9000.791      8.567   1.800  1.11611E+00  9.49133E-01  1.72027E-01
    9001.486      9.263   1.850  1.08922E+00  9.48304E-01  1.45507E-01
    9002.201      9.977   1.900  1.06622E+00  9.47475E-01  1.22886E-01
    9002.934     10.710   1.950  1.04729E+00  9.45988E-01  1.05083E-01
    9003.686     11.463   2.000  1.03383E+00  9.44501E-01  9.28802E-02
    9004.458     12.234   2.050  1.02704E+00  9.45368E-01  8.51910E-02
    9005.249     13.025   2.100  1.02309E+00  9.46236E-01  8.04143E-02
    9006.058     13.835   2.150  1.01878E+00  9.47103E-01  7.52394E-02
    9006.887     14.663   2.200  1.01122E+00  9.47971E-01  6.66001E-02
    9007.735     15.511   2.250  1.00278E+00  9.52248E-01  5.31495E-02
    9008.601     16.378   2.300  9.88204E-01  9.56524E-01  3.32830E-02
    9009.487     17.264   2.350  9.68391E-01  9.60800E-01  7.96549E-03
    9010.392     18.168   2.400  9.45905E-01  9.65077E-01 -2.00959E-02
    9011.316     19.092   2.450  9.24132E-01  9.66467E-01 -4.43401E-02
    9012.259     20.035   2.500  9.04083E-01  9.67857E-01 -6.67441E-02
    9013.221     20.997   2.550  8.87826E-01  9.69247E-01 -8.51486E-02
    9014.202     21.978   2.600  8.77219E-01  9.70637E-01 -9.76205E-02
    9015.202     22.979   2.650  8.70031E-01  9.71631E-01 -1.05953E-01
    9016.221     23.998   2.700  8.70240E-01  9.72624E-01 -1.06552E-01
    9017.260     25.036   2.750  8.78007E-01  9.73618E-01 -9.92991E-02
    9018.317     26.093   2.800  8.92633E-01  9.74612E-01 -8.49672E-02
    9019.393     27.170   2.850  9.11565E-01  9.75800E-01 -6.64292E-02
    9020.489     28.265   2.900  9.35407E-01  9.76988E-01 -4.29062E-02
    9021.603     29.379   2.950  9.61557E-01  9.78175E-01 -1.71108E-02
    9022.736     30.513   3.000  9.87157E-01  9.79363E-01  8.00665E-03
    9023.889     31.665   3.050  1.01194E+00  9.80330E-01  3.23970E-02
    9025.061     32.837   3.100  1.03216E+00  9.81297E-01  5.20011E-02
    9026.251     34.028   3.150  1.04568E+00  9.82264E-01  6.46769E-02
    9027.461     35.237   3.200  1.05134E+00  9.83231E-01  6.92874E-02
    9028.690     36.466   3.250  1.05265E+00  9.84438E-01  6.92420E-02
    9029.937     37.714   3.300  1.04631E+00  9.85644E-01  6.14521E-02
    9031.204     38.981   3.350  1.03346E+00  9.86851E-01  4.71032E-02
    9032.490     40.266   3.400  1.01593E+00  9.88058E-01  2.81097E-02
    9033.795     41.571   3.450  9.96582E-01  9.88953E-01  7.67906E-03
    9035.119     42.895   3.500  9.76913E-01  9.89849E-01 -1.29950E-02
    9036.462     44.238   3.550  9.59202E-01  9.90744E-01 -3.16263E-02
    9037.824     45.600   3.600  9.45117E-01  9.91640E-01 -4.65566E-02
    9039.205     46.981   3.650  9.35731E-01  9.92651E-01 -5.68689E-02
    9040.605     48.382   3.700  9.31778E-01  9.93662E-01 -6.17276E-02
    9042.024     49.801   3.750  9.32835E-01  9.94673E-01 -6.15827E-02
    9043.463     51.239   3.800  9.37733E-01  9.95684E-01 -5.76181E-02
    9044.920     52.696   3.850  9.45427E-01  9.96415E-01 -5.06464E-02
    9046.396     54.173   3.900  9.54805E-01  9.97146E-01 -4.20169E-02
    9047.892     55.668   3.950  9.64345E-01  9.97877E-01 -3.32432E-02
    9049.406     57.183   4.000  9.72908E-01  9.98608E-01 -2.54542E-02
    9050.940     58.716   4.050  9.80651E-01  9.99101E-01 -1.82652E-02
    9052.492     60.269   4.100  9.86817E-01  9.99595E-01 -1.26447E-02
    9054.064     61.840   4.150  9.91688E-01  1.00009E+00 -8.30830E-03
    9055.655     63.431   4.200  9.95960E-01  1.00058E+00 -4.56978E-03
    9057.264     65.041   4.250  1.00026E+00  1.00072E+00 -4.58633E-04
    9058.893     66.670   4.300  1.00518E+00  1.00086E+00  4.27447E-03
    9060.541     68.317   4.350  1.01137E+00  1.00100E+00  1.02485E-02
    9062.208     69.984   4.400  1.01915E+00  1.00113E+00  1.77979E-02
    9063.894     71.670   4.450  1.02760E+00  1.00100E+00  2.62804E-02
    9065.599     73.375   4.500  1.03704E+00  1.00087E+00  3.57377E-02
    9067.323     75.099   4.550  1.04686E+00  1.00074E+00  4.55843E-02
    9069.066     76.842   4.600  1.05625E+00  1.00061E+00  5.49995E-02
    9070.828     78.604   4.650  1.06369E+00  1.00037E+00  6.26175E-02
    9072.609     80.386   4.700  1.06895E+00  1.00014E+00  6.80758E-02
    9074.409     82.186   4.750  1.07122E+00  9.99905E-01  7.05773E-02
    9076.229     84.005   4.800  1.06984E+00  9.99671E-01  6.94720E-02
    9078.067     85.843   4.850  1.06412E+00  9.99221E-01  6.42693E-02
    9079.924     87.701   4.900  1.05435E+00  9.98770E-01  5.50558E-02
    9081.801     89.577   4.950  1.04070E+00  9.98319E-01  4.19911E-02
    9083.696     91.473   5.000  1.02368E+00  9.97869E-01  2.55839E-02
    9085.611     93.387   5.050  1.00428E+00  9.97462E-01  6.75504E-03
    9087.544     95.321   5.100  9.83544E-01  9.97055E-01 -1.33975E-02
    9089.497     97.273   5.150  9.62878E-01  9.96649E-01 -3.34945E-02
    9091.469     99.245   5.200  9.43781E-01  9.96242E-01 -5.20437E-02
    9093.459    101.236   5.250  9.27763E-01  9.95887E-01 -6.75904E-02
    9095.469    103.245   5.300  9.16078E-01  9.95532E-01 -7.88417E-02
    9097.498    105.274   5.350  9.09554E-01  9.95176E-01 -8.49732E-02
    9099.546    107.322   5.400  9.08474E-01  9.94821E-01 -8.57037E-02
    9101.613    109.389   5.450  9.12798E-01  9.94554E-01 -8.11460E-02
    9103.699    111.475   5.500  9.21355E-01  9.94287E-01 -7.23874E-02
    9105.804    113.580   5.550  9.32827E-01  9.94020E-01 -6.07350E-02
    9107.928    115.704   5.600  9.45723E-01  9.93753E-01 -4.76705E-02
    9110.071    117.847   5.650  9.58890E-01  9.93619E-01 -3.44665E-02
    9112.233    120.009   5.700  9.70974E-01  9.93484E-01 -2.23388E-02
    9114.414    122.191   5.750  9.81498E-01  9.93350E-01 -1.17610E-02
    9116.614    124.391   5.800  9.90618E-01  9.93216E-01 -2.57767E-03
    9118.834    126.610   5.850  9.99064E-01  9.93075E-01  5.94140E-03
    9121.072    128.849   5.900  1.00791E+00  9.92935E-01  1.48553E-02
    9123.330    131.106   5.950  1.01826E+00  9.92794E-01  2.52597E-02
    9125.606    133.382   6.000  1.03086E+00  9.92654E-01  3.78948E-02
    9127.902    135.678   6.050  1.04585E+00  9.92493E-01  5.29337E-02
    9130.216    137.992   6.100  1.06228E+00  9.92332E-01  6.94002E-02
    9132.550    140.326   6.150  1.07832E+00  9.92171E-01  8.54908E-02
    9134.902    142.679   6.200  1.09148E+00  9.92010E-01  9.87301E-02
    9137.274    145.050   6.250  1.09901E+00  9.91849E-01  1.06382E-01
    9139.665    147.441   6.300  1.09843E+00  9.91688E-01  1.05975E-01
    9142.075    149.851   6.350  1.08804E+00  9.91527E-01  9.58419E-02
    9144.504    152.280   6.400  1.06746E+00  9.91366E-01  7.55700E-02
    9146.951    154.728   6.450  1.03777E+00  9.91205E-01  4.62519E-02
    9149.418    157.195   6.500  1.00159E+00  9.91044E-01  1.04819E-02
    9151.904    159.681   6.550  9.62002E-01  9.90453E-01 -2.82898E-02
    9154.409    162.186   6.600  9.24733E-01  9.89862E-01 -6.48130E-02
    9156.934    164.710   6.650  8.94364E-01  9.89271E-01 -9.45252E-02
    9159.477    167.253   6.700  8.74579E-01  9.88680E-01 -1.13736E-01
    9162.039    169.815   6.750  8.67548E-01  9.88089E-01 -1.20254E-01
    9164.620    172.397   6.800  8.73553E-01  9.87498E-01 -1.13768E-01
    9167.221    174.997   6.850  8.90943E-01  9.86907E-01 -9.58947E-02
    9169.840    177.616   6.900  9.16430E-01  9.86316E-01 -6.98932E-02
    9172.478    180.255   6.950  9.45677E-01  9.85725E-01 -4.00859E-02
    9175.136    182.912   7.000  9.74058E-01  9.85135E-01 -1.10956E-02
    9177.812    185.589   7.050  9.97024E-01  9.84066E-01  1.29991E-02
    9180.508    188.284   7.100  1.01197E+00  9.82997E-01  2.91048E-02
    9183.222    190.999   7.150  1.01777E+00  9.81929E-01  3.60543E-02
    9185.956    193.733   7.200  1.01511E+00  9.80860E-01  3.45070E-02
    9188.709    196.485   7.250  1.00626E+00  9.79792E-01  2.67014E-02
    9191.481    199.257   7.300  9.94474E-01  9.78723E-01  1.59129E-02
    9194.271    202.048   7.350  9.83324E-01  9.77655E-01  5.73567E-03
    9197.081    204.858   7.400  9.75925E-01  9.76586E-01 -6.69273E-04
    9199.910    207.687   7.450  9.74327E-01  9.75517E-01 -1.20761E-03
    9202.758    210.535   7.500  9.79125E-01  9.74449E-01  4.75184E-03
    9205.625    213.402   7.550  9.89580E-01  9.73470E-01  1.63905E-02
    9208.511    216.288   7.600  1.00319E+00  9.72491E-01  3.12744E-02
    9211.416    219.193   7.650  1.01689E+00  9.71512E-01  4.62894E-02
    9214.341    222.117   7.700  1.02748E+00  9.70532E-01  5.81644E-02
    9217.284    225.060   7.750  1.03227E+00  9.69553E-01  6.41348E-02
    9220.246    228.022   7.800  1.02960E+00  9.68574E-01  6.24823E-02
    9223.227    231.004   7.850  1.01914E+00  9.67595E-01  5.28501E-02
    9226.228    234.004   7.900  1.00196E+00  9.66616E-01  3.62805E-02
    9229.247    237.023   7.950  9.80214E-01  9.65637E-01  1.49833E-02
    9232.286    240.062   8.000  9.56781E-01  9.64658E-01 -8.10731E-03
    9235.343    243.119   8.050  9.34676E-01  9.63769E-01 -2.99775E-02
    9238.420    246.196   8.100  9.16575E-01  9.62879E-01 -4.77665E-02
    9241.515    249.292   8.150  9.04304E-01  9.61990E-01 -5.95754E-02
    9244.630    252.406   8.200  8.98630E-01  9.61101E-01 -6.45906E-02
    9247.764    255.540   8.250  8.99251E-01  9.60212E-01 -6.31015E-02
    9250.916    258.693   8.300  9.04988E-01  9.59322E-01 -5.63079E-02
    9254.088    261.865   8.350  9.14118E-01  9.58433E-01 -4.59774E-02
    9257.279    265.055   8.400  9.24774E-01  9.57544E-01 -3.40376E-02
    9260.489    268.265   8.450  9.35311E-01  9.56655E-01 -2.21957E-02
    9263.718    271.494   8.500  9.44565E-01  9.55765E-01 -1.16606E-02
    9266.966    274.742   8.550  9.52081E-01  9.54989E-01 -3.03147E-03
    9270.233    278.009   8.600  9.57830E-01  9.54214E-01  3.77261E-03
    9273.519    281.296   8.650  9.62246E-01  9.53438E-01  9.19973E-03
    9276.824    284.601   8.700  9.65931E-01  9.52662E-01  1.38730E-02
    9280.148    287.925   8.750  9.69404E-01  9.51886E-01  1.83355E-02
    9283.492    291.268   8.800  9.72922E-01  9.51110E-01  2.28535E-02
    9286.854    294.630   8.850  9.76382E-01  9.50334E-01  2.73207E-02
    9290.235    298.012   8.900  9.79353E-01  9.49558E-01  3.12836E-02
    9293.636    301.412   8.950  9.81195E-01  9.48782E-01  3.40691E-02
    9297.055    304.832   9.000  9.81249E-01  9.48006E-01  3.49785E-02
    9300.494    308.270   9.050  9.79013E-01  9.47122E-01  3.35955E-02
    9303.951    311.728   9.100  9.74265E-01  9.46237E-01  2.95603E-02
    9307.428    315.204   9.150  9.67232E-01  9.45353E-01  2.31028E-02
    9310.924    318.700   9.200  9.58533E-01  9.44468E-01  1.48690E-02
    9314.438    322.215   9.250  9.49065E-01  9.43584E-01  5.80177E-03
    9317.972    325.749   9.300  9.39826E-01  9.42700E-01 -3.04448E-03
    9321.525    329.301   9.350  9.31719E-01  9.41815E-01 -1.07108E-02
    9325.097    332.873   9.400  9.25386E-01  9.40931E-01 -1.65111E-02
    9328.688    336.464   9.450  9.21108E-01  9.40046E-01 -2.01400E-02
    9332.298    340.074   9.500  9.18791E-01  9.39162E-01 -2.16896E-02
    9335.927    343.703   9.550  9.17828E-01  9.38123E-01 -2.16346E-02
    9339.575    347.351   9.600  9.17874E-01  9.37085E-01 -2.05039E-02
    9343.242    351.018   9.650  9.18338E-01  9.36046E-01 -1.89227E-02
    9346.928    354.704   9.700  9.18770E-01  9.35007E-01 -1.73726E-02
    9350.633    358.410   9.750  9.18959E-01  9.33969E-01 -1.60785E-02
    9354.357    362.134   9.800  9.18969E-01  9.32930E-01 -1.49737E-02
    9358.101    365.877   9.850  9.19087E-01  9.31892E-01 -1.37494E-02
    9361.863    369.640   9.900  9.19717E-01  9.30853E-01 -1.19725E-02
    9365.645    373.421   9.950  9.21231E-01  9.29814E-01 -9.23941E-03
    9369.445    377.221  10.000  9.23836E-01  9.28776E-01 -5.32422E-03
    9373.264    381.041  10.050  9.27514E-01  9.27795E-01 -3.02322E-04
    9377.103    384.879  10.100  9.31996E-01  9.26814E-01  5.59576E-03
    9380.961    388.737  10.150  9.36706E-01  9.25832E-01  1.17528E-02
    9384.837    392.614  10.200  9.40900E-01  9.24851E-01  1.73638E-02
    9388.733    396.509  10.250  9.43812E-01  9.23870E-01  2.15961E-02
    9392.648    400.424  10.300  9.44814E-01  9.22889E-01  2.37667E-02
    9396.582    404.358  10.350  9.43562E-01  9.21908E-01  2.34965E-02
    9400.534    408.311  10.400  9.40081E-01  9.20927E-01  2.08036E-02
    9404.506    412.283  10.450  9.34768E-01  9.19945E-01  1.61142E-02
    9408.497    416.274  10.500  9.28324E-01  9.18964E-01  1.01855E-02
    9412.507    420.284  10.550  9.21617E-01  9.17983E-01  3.95826E-03
    9416.536    424.313  10.600  9.15507E-01  9.17002E-01 -1.62973E-03
    9420.584    428.361  10.650  9.10681E-01  9.16021E-01 -5.82754E-03
    9424.652    432.428  10.700  9.07523E-01  9.15040E-01 -8.21210E-03
    9428.738    436.514  10.750  9.06052E-01  9.14058E-01 -8.75576E-03
    9432.843    440.620  10.800  9.05945E-01  9.13077E-01 -7.80693E-03
    9436.967    444.744  10.850  9.06629E-01  9.12096E-01 -5.98983E-03
    9441.111    448.887  10.900  9.07424E-01  9.11115E-01 -4.04766E-03
    9445.273    453.050  10.950  9.07706E-01  9.10134E-01 -2.66567E-03
    9449.455    457.231  11.000  9.07047E-01  9.09153E-01 -2.31439E-03
    9453.655    461.432  11.050  9.05280E-01  9.08147E-01 -3.15380E-03
    9457.875    465.651  11.100  9.02551E-01  9.07142E-01 -5.05583E-03
    9462.113    469.890  11.150  8.99254E-01  9.06137E-01 -7.58693E-03
    9466.371    474.147  11.200  8.95976E-01  9.05132E-01 -1.01025E-02
    9470.648    478.424  11.250  8.93360E-01  9.04126E-01 -1.18928E-02
    9474.943    482.720  11.300  8.91957E-01  9.03121E-01 -1.23443E-02
    9479.258    487.035  11.350  8.92104E-01  9.02116E-01 -1.10814E-02
    9483.592    491.369  11.400  8.93839E-01  9.01111E-01 -8.05736E-03
    9487.945    495.721  11.450  8.96882E-01  9.00105E-01 -3.57510E-03
    9492.317    500.093  11.500  9.00690E-01  8.99100E-01  1.76559E-03
    9496.708    504.484  11.550  9.04557E-01  8.98095E-01  7.18244E-03
    9501.118    508.894  11.600  9.07750E-01  8.97090E-01  1.18615E-02
    9505.547    513.324  11.650  9.09652E-01  8.96084E-01  1.51120E-02
    9509.995    517.772  11.700  9.09872E-01  8.95079E-01  1.64931E-02
    9514.462    522.239  11.750  9.08308E-01  8.94074E-01  1.58873E-02
    9518.949    526.725  11.800  9.05158E-01  8.93068E-01  1.35077E-02
    9523.454    531.230  11.850  9.00862E-01  8.92063E-01  9.84088E-03
    9527.978    535.755  11.900  8.96005E-01  8.91058E-01  5.53921E-03
    9532.522    540.298  11.950  8.91203E-01  8.90053E-01  1.28968E-03
    9537.084    544.861  12.000  8.86985E-01  8.89047E-01 -2.31453E-03
    9541.666    549.442  12.050  8.83458E-01  8.87882E-01 -4.97029E-03
    9546.266    554.043  12.100  8.80962E-01  8.86717E-01 -6.47327E-03
    9550.886    558.662  12.150  8.79473E-01  8.85551E-01 -6.84674E-03
    9555.525    563.301  12.200  8.78788E-01  8.84386E-01 -6.31413E-03
    9560.182    567.959  12.250  8.78591E-01  8.83221E-01 -5.22887E-03
    9564.859    572.635  12.300  8.78532E-01  8.82055E-01 -3.98455E-03
    9569.555    577.331  12.350  8.78306E-01  8.80890E-01 -2.92591E-03
    9574.270    582.046  12.400  8.77714E-01  8.79725E-01 -2.27949E-03
    9579.004    586.780  12.450  8.76694E-01  8.78559E-01 -2.11736E-03
    9583.757    591.533  12.500  8.75319E-01  8.77394E-01 -2.35897E-03
    9588.529    596.305  12.550  8.73762E-01  8.76228E-01 -2.80754E-03
    9593.320    601.096  12.600  8.72247E-01  8.75063E-01 -3.21016E-03
    9598.130    605.906  12.650  8.70983E-01  8.73898E-01 -3.32604E-03
    9602.959    610.735  12.700  8.70119E-01  8.72732E-01 -2.98691E-03
    9607.807    615.584  12.750  8.69700E-01  8.71567E-01 -2.13643E-03
    9612.674    620.451  12.800  8.69668E-01  8.70402E-01 -8.41110E-04
    9617.561    625.337  12.850  8.69871E-01  8.69236E-01  7.27647E-04
    9622.466    630.242  12.900  8.70103E-01  8.68071E-01  2.33443E-03
    9627.390    635.167  12.950  8.70150E-01  8.66906E-01  3.73262E-03
    9632.334    640.110  13.000  8.69835E-01  8.65740E-01  4.71650E-03
    9637.296    645.073  13.050  8.69150E-01  8.64604E-01  5.24332E-03
    9642.278    650.054  13.100  8.67975E-01  8.63468E-01  5.20472E-03
    9647.279    655.055  13.150  8.66351E-01  8.62332E-01  4.64707E-03
    9652.298    660.075  13.200  8.64389E-01  8.61196E-01  3.69706E-03
    9657.337    665.113  13.250  8.62242E-01  8.60060E-01  2.52998E-03
    9662.395    670.171  13.300  8.60070E-01  8.58924E-01  1.33096E-03
    9667.471    675.248  13.350  8.58010E-01  8.57788E-01  2.58078E-04
    9672.567    680.344  13.400  8.56150E-01  8.56652E-01 -5.84523E-04
    9677.682    685.459  13.450  8.54522E-01  8.55516E-01 -1.15866E-03
    9682.816    690.593  13.500  8.53105E-01  8.54380E-01 -1.48791E-03
    9687.969    695.746  13.550  8.51840E-01  8.53244E-01 -1.63997E-03
    9693.141    700.918  13.600  8.50654E-01  8.52108E-01 -1.70102E-03
    9698.332    706.109  13.650  8.49478E-01  8.50972E-01 -1.74916E-03
    9703.542    711.319  13.700  8.48273E-01  8.49835E-01 -1.83332E-03
    9708.772    716.548  13.750  8.47029E-01  8.48699E-01 -1.96258E-03
    9714.020    721.796  13.800  8.45772E-01  8.47563E-01 -2.10738E-03
    9719.287    727.064  13.850  8.44550E-01  8.46427E-01 -2.21143E-03
    9724.574    732.350  13.900  8.43417E-01  8.45291E-01 -2.21041E-03
    9729.879    737.655  13.950  8.42417E-01  8.44155E-01 -2.05203E-03
    9735.203    742.980  14.000  8.41571E-01  8.43019E-01 -1.71226E-03
    9740.547    748.323  14.050  8.40745E-01  8.41778E-01 -1.22324E-03
    9745.910    753.686  14.100  8.40039E-01  8.40538E-01 -5.91858E-04
    9751.291    759.068  14.150  8.39393E-01  8.39297E-01  1.13661E-04
    9756.692    764.468  14.200  8.38737E-01  8.38056E-01  8.09048E-04
    9762.111    769.888  14.250  8.38000E-01  8.36816E-01  1.41102E-03
    9767.550    775.327  14.300  8.37129E-01  8.35575E-01  1.85361E-03
    9773.008    780.784  14.350  8.36092E-01  8.34334E-01  2.09998E-03
    9778.485    786.261  14.400  8.34888E-01  8.33094E-01  2.14718E-03
    9783.981    791.757  14.450  8.33541E-01  8.31853E-01  2.02314E-03
    9789.496    797.272  14.500  8.32093E-01  8.30612E-01  1.77716E-03
    9795.030    802.806  14.550  8.30592E-01  8.29372E-01  1.46654E-03
    9800.583    808.359  14.600  8.29080E-01  8.28131E-01  1.14291E-03
    9806.155    813.931  14.650  8.27588E-01  8.26890E-01  8.41622E-04
    9811.746    819.522  14.700  8.26127E-01  8.25650E-01  5.76662E-04
    9817.356    825.133  14.750  8.24692E-01  8.24409E-01  3.41855E-04
    9822.985    830.762  14.800  8.23265E-01  8.23168E-01  1.17683E-04
    9828.634    836.410  14.850  8.21830E-01  8.21928E-01 -1.18572E-04
    9834.301    842.078  14.900  8.20372E-01  8.20687E-01 -3.82303E-04
    9839.988    847.764  14.950  8.18893E-01  8.19446E-01 -6.73666E-04
    9845.693    853.469  15.000  8.17406E-01  8.18206E-01 -9.74444E-04
    9851.417    859.194  15.050  8.15923E-01  8.16965E-01 -1.27158E-03
    9857.161    864.937  15.100  8.14487E-01  8.15724E-01 -1.51262E-03
    9862.924    870.700  15.150  8.13134E-01  8.14483E-01 -1.65240E-03
    9868.705    876.482  15.200  8.11893E-01  8.13242E-01 -1.65437E-03
    9874.506    882.282  15.250  8.10780E-01  8.12002E-01 -1.50017E-03
    9880.326    888.102  15.300  8.09789E-01  8.10761E-01 -1.19568E-03
    9886.165    893.941  15.350  8.08893E-01  8.09520E-01 -7.72063E-04
    9892.022    899.799  15.400  8.08051E-01  8.08279E-01 -2.81255E-04
    9897.899    905.676  15.450  8.07211E-01  8.07038E-01  2.13043E-04
    9903.795    911.572  15.500  8.06320E-01  8.05798E-01  6.47047E-04
    9909.710    917.487  15.550  8.05338E-01  8.04557E-01  9.68616E-04
    9915.644    923.421  15.600  8.04239E-01  8.03316E-01  1.14650E-03
    9921.597    929.374  15.650  8.03020E-01  8.02075E-01  1.17515E-03
    9927.570    935.346  15.700  8.01697E-01  8.00834E-01  1.07410E-03
    9933.561    941.337  15.750  8.00301E-01  7.99594E-01  8.82320E-04
    9939.571    947.347  15.800  7.98872E-01  7.98353E-01  6.48906E-04
    9945.600    953.377  15.850  7.97450E-01  7.97112E-01  4.22256E-04
    9951.649    959.425  15.900  7.96063E-01  7.95871E-01  2.40276E-04
    9957.716    965.492  15.950  7.94729E-01  7.94630E-01  1.23642E-04
    9963.802    971.579  16.000  7.93448E-01  7.93390E-01  7.34676E-05
    9969.908    977.684  16.050  7.92165E-01  7.92107E-01  7.27817E-05
    9976.033    983.809  16.100  7.90903E-01  7.90825E-01  9.83144E-05
    9982.176    989.953  16.150  7.89637E-01  7.89542E-01  1.19984E-04
    9988.339    996.115  16.200  7.88346E-01  7.88259E-01  1.10010E-04
    9994.520   1002.297  16.250  7.87016E-01  7.86977E-01  4.99393E-05
   10000.721   1008.498  16.300  7.85643E-01  7.85694E-01 -6.47651E-05
   10006.941   1014.717  16.350  7.84236E-01  7.84412E-01 -2.23529E-04
   10013.180   1020.956  16.400  7.82813E-01  7.83129E-01 -4.03004E-04
   10019.438   1027.214  16.450  7.81398E-01  7.81847E-01 -5.72290E-04
   10025.715   1033.491  16.500  7.80017E-01  7.80564E-01 -6.99761E-04
   10032.011   1039.787  16.550  7.78688E-01  7.79282E-01 -7.59915E-04
   10038.326   1046.102  16.600  7.77423E-01  7.77999E-01 -7.38739E-04
   10044.660   1052.436  16.650  7.76221E-01  7.76716E-01 -6.36461E-04
   10051.013   1058.789  16.700  7.75071E-01  7.75434E-01 -4.67229E-04
   10057.385   1065.162  16.750  7.73953E-01  7.74151E-01 -2.55926E-04
   10063.776   1071.553  16.800  7.72843E-01  7.72869E-01 -3.29853E-05
   10070.187   1077.963  16.850  7.71719E-01  7.71586E-01  1.71575E-04
   10076.616   1084.393  16.900  7.70561E-01  7.70304E-01  3.33572E-04
   10083.065   1090.841  16.950  7.69359E-01  7.69021E-01  4.38421E-04
   10089.532   1097.308  17.000  7.68110E-01  7.67739E-01  4.82603E-04
   10096.018   1103.795  17.050  7.66808E-01  7.66437E-01  4.82061E-04
   10102.524   1110.300  17.100  7.65473E-01  7.65136E-01  4.39206E-04
   10109.049   1116.825  17.150  7.64118E-01  7.63835E-01  3.69737E-04
   10115.592   1123.369  17.200  7.62756E-01  7.62534E-01  2.90136E-04
   10122.155   1129.931  17.250  7.61397E-01  7.61233E-01  2.14220E-04
   10128.737   1136.513  17.300  7.60047E-01  7.59932E-01  1.50758E-04
   10135.338   1143.114  17.350  7.58709E-01  7.58631E-01  1.02563E-04
   10141.957   1149.734  17.400  7.57381E-01  7.57330E-01  6.70960E-05
   10148.596   1156.373  17.450  7.56058E-01  7.56029E-01  3.82836E-05
   10155.254   1163.031  17.500  7.54735E-01  7.54728E-01  8.96862E-06
   10161.931   1169.708  17.550  7.53407E-01  7.53427E-01 -2.66541E-05
   10168.627   1176.404  17.600  7.52072E-01  7.52126E-01 -7.12174E-05
   10175.342   1183.119  17.650  7.50732E-01  7.50825E-01 -1.23370E-04
   10182.076   1189.853  17.700  7.49390E-01  7.49524E-01 -1.78087E-04
   10188.830   1196.606  17.750  7.48052E-01  7.48223E-01 -2.27935E-04
   10195.602   1203.378  17.800  7.46724E-01  7.46922E-01 -2.64913E-04
   10202.393   1210.170  17.850  7.45410E-01  7.45621E-01 -2.82367E-04
   10209.204   1216.980  17.900  7.44114E-01  7.44320E-01 -2.76517E-04
   10216.033   1223.809  17.950  7.42835E-01  7.43019E-01 -2.47265E-04
   10222.881   1230.658  18.000  7.41571E-01  7.41718E-01 -1.98142E-04
   10229.749   1237.525  18.050  7.40301E-01  7.40403E-01 -1.38144E-04
   10236.635   1244.412  18.100  7.39037E-01  7.39088E-01 -6.92908E-05
   10243.541   1251.317  18.150  7.37774E-01  7.37774E-01  7.45749E-07
   10250.466   1258.242  18.200  7.36507E-01  7.36459E-01  6.49070E-05
   10257.409   1265.186  18.250  7.35231E-01  7.35144E-01  1.17788E-04
   10264.372   1272.149  18.300  7.33944E-01  7.33829E-01  1.56219E-04
   10271.354   1279.130  18.350  7.32646E-01  7.32515E-01  1.79316E-04
   10278.355   1286.131  18.400  7.31337E-01  7.31200E-01  1.88093E-04
   10285.375   1293.151  18.450  7.30020E-01  7.29885E-01  1.84775E-04
   10292.414   1300.190  18.500  7.28696E-01  7.28570E-01  1.72050E-04
   10299.472   1307.248  18.550  7.27367E-01  7.27256E-01  1.52438E-04
   10306.549   1314.325  18.600  7.26034E-01  7.25941E-01  1.27933E-04
   10313.645   1321.421  18.650  7.24699E-01  7.24626E-01  9.99363E-05
   10320.760   1328.536  18.700  7.23362E-01  7.23311E-01  6.94475E-05
   10327.894   1335.671  18.750  7.22024E-01  7.21997E-01  3.73873E-05
   10335.047   1342.824  18.800  7.20685E-01  7.20682E-01  4.90778E-06
   10342.220   1349.996  18.850  7.19348E-01  7.19367E-01 -2.64373E-05
   10349.411   1357.187  18.900  7.18013E-01  7.18052E-01 -5.47310E-05
   10356.621   1364.398  18.950  7.16682E-01  7.16738E-01 -7.79385E-05
   10363.851   1371.627  19.000  7.15355E-01  7.15423E-01 -9.42850E-05
   10371.099   1378.876  19.050  7.14027E-01  7.14102E-01 -1.05030E-04
   10378.367   1386.143  19.100  7.12705E-01  7.12782E-01 -1.07776E-04
   10385.653   1393.430  19.150  7.11388E-01  7.11462E-01 -1.02773E-04
   10392.959   1400.736  19.200  7.10076E-01  7.10141E-01 -9.12361E-05
   10400.284   1408.060  19.250  7.08768E-01  7.08821E-01 -7.51296E-05
   10407.628   1415.404  19.300  7.07460E-01  7.07500E-01 -5.67785E-05
   10414.990   1422.767  19.350  7.06153E-01  7.06180E-01 -3.84086E-05
   10422.372   1430.149  19.400  7.04844E-01  7.04860E-01 -2.17247E-05
   10429.773   1437.550  19.450  7.03534E-01  7.03539E-01 -7.63386E-06
   10437.193   1444.969  19.500  7.02221E-01  7.02219E-01  3.81937E-06
   10444.632   1452.408  19.550  7.00908E-01  7.00898E-01  1.32938E-05
   10452.090   1459.866  19.600  6.99593E-01  6.99578E-01  2.18155E-05
   10459.567   1467.344  19.650  6.98279E-01  6.98258E-01  3.03581E-05
   10467.063   1474.840  19.700  6.96965E-01  6.96937E-01  3.94553E-05
   10474.578   1482.355  19.750  6.95651E-01  6.95617E-01  4.89505E-05
   10482.113   1489.889  19.800  6.94337E-01  6.94296E-01  5.79554E-05
   10489.666   1497.442  19.850  6.93021E-01  6.92976E-01  6.50295E-05
   10497.238   1505.015  19.900  6.91703E-01  6.91656E-01  6.85373E-05
   10504.830   1512.606  19.950  6.90381E-01  6.90335E-01  6.70891E-05
   10512.440   1520.217  20.000  6.89056E-01  6.89015E-01  5.99522E-05
