# # GeCl_4                                                       FEFF 9.05   
# # POT  SCF  30  3.0000   1, NO core-hole, AFOLP (folp(0)= 1.300)
# # Abs   Z=32 Rmt= 1.274 Rnm= 1.390 K  shell
# # RSIGMA
# # Pot 1 Z=17 Rmt= 1.387 Rnm= 1.513
# # Gam_ch=2.284E+00 H-L exch
# # Mu=-5.354E+00 kf=1.902E+00 Vint=-1.118E+01 Rs_int= 1.907
# FMS rfms= 3.0000
# # PATH  Rmax= 1.000,  Keep_limit= 0.00, Heap_limit 0.00  Pwcrit= 2.50%
#  S02=1.000                                        Global_sig2= 0.00000
#  Curved wave amplitude ratio filter   4.000%
#     file         sig2 tot  cw amp ratio   deg  nlegs   reff  inp sig2
#     0/   0 paths used
#  xsedge+ 50, used to normalize mu           4.5505E-04
#  -----------------------------------------------------------------------
#  omega    e    k    mu    mu0     chi     @#
   11076.317    -40.000  -3.016  9.93209E-03  9.60242E-03  3.29662E-04
   11076.888    -39.429  -2.991  8.72601E-03  8.38540E-03  3.40613E-04
   11077.459    -38.858  -2.965  7.66539E-03  7.31069E-03  3.54700E-04
   11078.030    -38.287  -2.940  6.81091E-03  6.43578E-03  3.75128E-04
   11078.601    -37.716  -2.914  6.16948E-03  5.76600E-03  4.03487E-04
   11079.172    -37.145  -2.889  5.70688E-03  5.26614E-03  4.40744E-04
   11079.743    -36.573  -2.863  5.37661E-03  4.88860E-03  4.88009E-04
   11080.314    -36.002  -2.836  5.15308E-03  4.60614E-03  5.46939E-04
   11080.886    -35.431  -2.810  5.02041E-03  4.40005E-03  6.20358E-04
   11081.457    -34.860  -2.783  4.96736E-03  4.25424E-03  7.13123E-04
   11082.028    -34.289  -2.756  4.98745E-03  4.15357E-03  8.33881E-04
   11082.599    -33.718  -2.728  5.09099E-03  4.09218E-03  9.98806E-04
   11083.170    -33.147  -2.701  5.29632E-03  4.05986E-03  1.23647E-03
   11083.741    -32.576  -2.673  5.61791E-03  4.04971E-03  1.56820E-03
   11084.312    -32.005  -2.645  5.95127E-03  4.06869E-03  1.88258E-03
   11084.883    -31.434  -2.616  6.08481E-03  4.10983E-03  1.97497E-03
   11085.454    -30.862  -2.587  6.14982E-03  4.16877E-03  1.98104E-03
   11086.025    -30.291  -2.558  6.34433E-03  4.24836E-03  2.09597E-03
   11086.596    -29.720  -2.529  6.68828E-03  4.34710E-03  2.34118E-03
   11087.168    -29.149  -2.499  7.17194E-03  4.46465E-03  2.70729E-03
   11087.739    -28.578  -2.469  7.80758E-03  4.60238E-03  3.20520E-03
   11088.310    -28.007  -2.438  8.62976E-03  4.76102E-03  3.86874E-03
   11088.881    -27.436  -2.407  9.70027E-03  4.94137E-03  4.75889E-03
   11089.452    -26.865  -2.376  1.11227E-02  5.14512E-03  5.97760E-03
   11090.023    -26.294  -2.344  1.30708E-02  5.37407E-03  7.69678E-03
   11090.594    -25.723  -2.312  1.58498E-02  5.63150E-03  1.02183E-02
   11091.165    -25.152  -2.280  2.00222E-02  5.92048E-03  1.41017E-02
   11091.736    -24.580  -2.246  2.66822E-02  6.24340E-03  2.04388E-02
   11092.307    -24.009  -2.213  3.80123E-02  6.60549E-03  3.14068E-02
   11092.879    -23.438  -2.179  5.77365E-02  7.01333E-03  5.07231E-02
   11093.450    -22.867  -2.144  8.62839E-02  7.47102E-03  7.88129E-02
   11094.021    -22.296  -2.109  1.02415E-01  7.98590E-03  9.44294E-02
   11094.592    -21.725  -2.073  8.50293E-02  8.57056E-03  7.64588E-02
   11095.163    -21.154  -2.036  5.89720E-02  9.23266E-03  4.97393E-02
   11095.734    -20.583  -1.999  4.25944E-02  9.98932E-03  3.26051E-02
   11096.305    -20.012  -1.961  3.44380E-02  1.08559E-02  2.35821E-02
   11096.876    -19.441  -1.923  3.10205E-02  1.18553E-02  1.91652E-02
   11097.447    -18.869  -1.883  3.04822E-02  1.30156E-02  1.74666E-02
   11098.018    -18.298  -1.843  3.20469E-02  1.43717E-02  1.76752E-02
   11098.589    -17.727  -1.802  3.55508E-02  1.59718E-02  1.95789E-02
   11099.161    -17.156  -1.760  4.12632E-02  1.78767E-02  2.33865E-02
   11099.732    -16.585  -1.717  4.99209E-02  2.01688E-02  2.97521E-02
   11100.303    -16.014  -1.673  6.29657E-02  2.29645E-02  4.00012E-02
   11100.874    -15.443  -1.627  8.31054E-02  2.64242E-02  5.66813E-02
   11101.445    -14.872  -1.581  1.15582E-01  3.07777E-02  8.48042E-02
   11102.016    -14.301  -1.532  1.70884E-01  3.63754E-02  1.34508E-01
   11102.587    -13.730  -1.483  2.69048E-01  4.37513E-02  2.25297E-01
   11103.158    -13.159  -1.431  4.32042E-01  5.37820E-02  3.78260E-01
   11103.729    -12.587  -1.378  5.98874E-01  6.79579E-02  5.30916E-01
   11104.300    -12.016  -1.322  5.84759E-01  8.89390E-02  4.95820E-01
   11104.872    -11.445  -1.264  4.31639E-01  1.21465E-01  3.10174E-01
   11105.443    -10.874  -1.204  3.05806E-01  1.72615E-01  1.33192E-01
   11106.014    -10.303  -1.140  2.19036E-01  2.48936E-01 -2.99005E-02
   11106.585     -9.732  -1.072  1.59638E-01  3.50993E-01 -1.91355E-01
   11107.156     -9.161  -1.000  1.22943E-01  4.69433E-01 -3.46489E-01
   11107.727     -8.590  -0.922  1.01056E-01  5.85182E-01 -4.84126E-01
   11108.298     -8.019  -0.836  8.85920E-02  6.75822E-01 -5.87230E-01
   11108.869     -7.448  -0.741  8.18542E-02  7.24438E-01 -6.42583E-01
   11109.440     -6.876  -0.632  7.78691E-02  7.22890E-01 -6.45020E-01
   11110.011     -6.305  -0.500  7.35400E-02  6.66699E-01 -5.93159E-01
   11110.582     -5.734  -0.316  6.52760E-02  5.51405E-01 -4.86129E-01
   11110.963     -5.354   0.000  5.66067E-02  4.48692E-01 -3.92086E-01
   11111.725     -4.592   0.447  3.83130E-02  2.61839E-01 -2.23526E-01
   11112.296     -4.021   0.592  2.92895E-02  1.77208E-01 -1.47918E-01
   11112.867     -3.450   0.707  2.35231E-02  1.26913E-01 -1.03390E-01
   11113.438     -2.879   0.806  1.96579E-02  9.58078E-02 -7.61499E-02
   11114.009     -2.308   0.894  1.69053E-02  7.54463E-02 -5.85410E-02
   11114.580     -1.737   0.974  1.48439E-02  6.14188E-02 -4.65750E-02
   11115.151     -1.166   1.049  1.32391E-02  5.13376E-02 -3.80985E-02
   11115.722     -0.594   1.118  1.19520E-02  4.38373E-02 -3.18852E-02
   11116.293     -0.023   1.183  1.08957E-02  3.80956E-02 -2.71999E-02
