# # Cu_crystal                                                   FEFF 9.05   
# # POT  SCF  30  5.0000   0, core-hole, AFOLP (folp(0)= 1.150)
# # Abs   Z=29 Rmt= 1.449 Rnm= 1.502 K  shell
# # Pot 1 Z=29 Rmt= 1.356 Rnm= 1.393
# # Gam_ch=1.729E+00 H-L exch
# # Mu=-8.092E+00 kf=1.979E+00 Vint=-1.699E+01 Rs_int= 1.833
# # PATH  Rmax= 5.000,  Keep_limit= 0.00, Heap_limit 0.00  Pwcrit= 2.50%
#  S02=1.000  Temp= 190.00  Debye_temp= 315.00  Global_sig2= 0.00000
#  Curved wave amplitude ratio filter   4.000%
#     file         sig2 tot  cw amp ratio   deg  nlegs   reff  inp sig2
#           1       0.00610    100.00     12.00     2   2.5527
#           2       0.00748     22.75      6.00     2   3.6100
#           3       0.00687     10.29     48.00     3   3.8290
#           4       0.00757      7.06     48.00     3   4.3577
#           5       0.00767     54.81     24.00     2   4.4213
#           6       0.00772     10.83     48.00     3   4.7633
#           7       0.00772     16.53     96.00     3   4.7633
#     7/   7 paths used
#  xsedge+50, used to normalize mu           2.4748E-04
#  -----------------------------------------------------------------------
#  omega    e    k    mu    mu0     chi     @#
    8988.447     -8.092   0.000  3.26442E-01  4.31261E-01 -1.30313E-01
    8988.456     -8.083   0.050  3.31217E-01  4.37196E-01 -1.31593E-01
    8988.485     -8.054   0.100  3.35964E-01  4.43131E-01 -1.32906E-01
    8988.532     -8.006   0.150  3.49967E-01  4.60902E-01 -1.37085E-01
    8988.599     -7.940   0.200  3.63726E-01  4.78673E-01 -1.41533E-01
    8988.685     -7.854   0.250  3.84501E-01  5.06685E-01 -1.49576E-01
    8988.789     -7.749   0.300  4.04692E-01  5.34696E-01 -1.58239E-01
    8988.913     -7.625   0.350  4.26365E-01  5.68154E-01 -1.71289E-01
    8989.056     -7.483   0.400  4.47169E-01  6.01611E-01 -1.85188E-01
    8989.218     -7.321   0.450  4.62695E-01  6.34180E-01 -2.03806E-01
    8989.399     -7.140   0.500  4.77388E-01  6.66748E-01 -2.23079E-01
    8989.599     -6.940   0.550  4.83504E-01  6.94714E-01 -2.46428E-01
    8989.818     -6.721   0.600  4.89443E-01  7.22681E-01 -2.69536E-01
    8990.056     -6.482   0.650  4.87990E-01  7.45620E-01 -2.94771E-01
    8990.313     -6.225   0.700  4.87834E-01  7.68559E-01 -3.18042E-01
    8990.590     -5.949   0.750  4.84147E-01  7.87398E-01 -3.40222E-01
    8990.885     -5.654   0.800  4.83978E-01  8.06237E-01 -3.58065E-01
    8991.199     -5.339   0.850  4.85075E-01  8.21878E-01 -3.70812E-01
    8991.533     -5.006   0.900  4.92179E-01  8.37518E-01 -3.76773E-01
    8991.885     -4.654   0.950  5.04906E-01  8.50604E-01 -3.74065E-01
    8992.257     -4.282   1.000  5.25494E-01  8.63690E-01 -3.62964E-01
    8992.647     -3.892   1.050  5.54605E-01  8.74596E-01 -3.41000E-01
    8993.057     -3.482   1.100  5.91811E-01  8.85501E-01 -3.10779E-01
    8993.485     -3.053   1.150  6.37747E-01  8.94480E-01 -2.70100E-01
    8993.933     -2.606   1.200  6.89747E-01  9.03459E-01 -2.23546E-01
    8994.400     -2.139   1.250  7.47659E-01  9.10688E-01 -1.69767E-01
    8994.885     -1.653   1.300  8.07506E-01  9.17918E-01 -1.14463E-01
    8995.390     -1.148   1.350  8.68197E-01  9.23544E-01 -5.71944E-02
    8995.914     -0.625   1.400  9.25686E-01  9.29169E-01 -3.58798E-03
    8996.457     -0.082   1.450  9.78391E-01  9.33376E-01  4.62792E-02
    8997.019      0.480   1.500  1.02340E+00  9.37584E-01  8.80573E-02
    8997.600      1.061   1.550  1.05943E+00  9.40547E-01  1.21874E-01
    8998.200      1.661   1.600  1.08552E+00  9.43510E-01  1.45453E-01
    8998.819      2.281   1.650  1.10130E+00  9.45401E-01  1.59676E-01
    8999.457      2.919   1.700  1.10785E+00  9.47293E-01  1.64457E-01
    9000.115      3.576   1.750  1.10754E+00  9.48309E-01  1.63228E-01
    9000.791      4.252   1.800  1.09844E+00  9.49324E-01  1.52973E-01
    9001.486      4.948   1.850  1.08678E+00  9.49634E-01  1.40880E-01
    9002.201      5.662   1.900  1.07394E+00  9.49944E-01  1.27536E-01
    9002.934      6.395   1.950  1.06132E+00  9.49631E-01  1.15067E-01
    9003.686      7.148   2.000  1.05164E+00  9.49317E-01  1.05591E-01
    9004.458      7.919   2.050  1.04453E+00  9.48477E-01  9.93524E-02
    9005.249      8.710   2.100  1.04158E+00  9.47637E-01  9.74008E-02
    9006.058      9.520   2.150  1.04174E+00  9.46797E-01  9.86701E-02
    9006.887     10.348   2.200  1.04313E+00  9.45957E-01  1.01231E-01
    9007.735     11.196   2.250  1.04824E+00  9.48651E-01  1.03899E-01
    9008.601     12.063   2.300  1.04886E+00  9.51346E-01  1.01884E-01
    9009.487     12.948   2.350  1.04273E+00  9.54040E-01  9.28077E-02
    9010.392     13.853   2.400  1.02923E+00  9.56734E-01  7.59696E-02
    9011.316     14.777   2.450  1.01372E+00  9.60147E-01  5.61237E-02
    9012.259     15.720   2.500  9.93450E-01  9.63559E-01  3.13025E-02
    9013.221     16.682   2.550  9.70533E-01  9.66971E-01  3.72838E-03
    9014.202     17.663   2.600  9.48100E-01  9.70384E-01 -2.33195E-02
    9015.202     18.663   2.650  9.26670E-01  9.71343E-01 -4.67097E-02
    9016.221     19.683   2.700  9.09223E-01  9.72302E-01 -6.58977E-02
    9017.260     20.721   2.750  8.97731E-01  9.73261E-01 -7.88371E-02
    9018.317     21.778   2.800  8.93534E-01  9.74220E-01 -8.41467E-02
    9019.393     22.854   2.850  8.93836E-01  9.75237E-01 -8.46775E-02
    9020.489     23.950   2.900  9.01999E-01  9.76254E-01 -7.70491E-02
    9021.603     25.064   2.950  9.16859E-01  9.77271E-01 -6.25269E-02
    9022.736     26.198   3.000  9.36387E-01  9.78288E-01 -4.32584E-02
    9023.889     27.350   3.050  9.58702E-01  9.79495E-01 -2.14091E-02
    9025.061     28.522   3.100  9.82053E-01  9.80701E-01  1.38773E-03
    9026.251     29.712   3.150  1.00329E+00  9.81908E-01  2.18955E-02
    9027.461     30.922   3.200  1.01971E+00  9.83115E-01  3.73807E-02
    9028.690     32.151   3.250  1.03395E+00  9.84494E-01  5.03885E-02
    9029.937     33.399   3.300  1.04145E+00  9.85872E-01  5.64674E-02
    9031.204     34.665   3.350  1.04132E+00  9.87251E-01  5.47933E-02
    9032.490     35.951   3.400  1.03393E+00  9.88630E-01  4.57814E-02
    9033.795     37.256   3.450  1.02315E+00  9.89836E-01  3.35895E-02
    9035.119     38.580   3.500  1.00779E+00  9.91042E-01  1.68442E-02
    9036.462     39.923   3.550  9.90162E-01  9.92247E-01 -2.09252E-03
    9037.824     41.285   3.600  9.72689E-01  9.93453E-01 -2.07835E-02
    9039.205     42.666   3.650  9.57819E-01  9.94696E-01 -3.68335E-02
    9040.605     44.067   3.700  9.46409E-01  9.95938E-01 -4.93691E-02
    9042.024     45.486   3.750  9.39710E-01  9.97181E-01 -5.71664E-02
    9043.463     46.924   3.800  9.38055E-01  9.98423E-01 -5.99243E-02
    9044.920     48.381   3.850  9.40573E-01  9.99404E-01 -5.83162E-02
    9046.396     49.858   3.900  9.46941E-01  1.00039E+00 -5.29026E-02
    9047.892     51.353   3.950  9.55787E-01  1.00137E+00 -4.50541E-02
    9049.406     52.868   4.000  9.65556E-01  1.00235E+00 -3.63168E-02
    9050.940     54.401   4.050  9.75306E-01  1.00308E+00 -2.73867E-02
    9052.492     55.954   4.100  9.83763E-01  1.00380E+00 -1.97474E-02
    9054.064     57.525   4.150  9.90350E-01  1.00453E+00 -1.39616E-02
    9055.655     59.116   4.200  9.95114E-01  1.00526E+00 -9.97925E-03
    9057.264     60.726   4.250  9.98692E-01  1.00555E+00 -6.74278E-03
    9058.893     62.354   4.300  1.00178E+00  1.00584E+00 -3.99073E-03
    9060.541     64.002   4.350  1.00548E+00  1.00613E+00 -6.36774E-04
    9062.208     65.669   4.400  1.01087E+00  1.00642E+00  4.36320E-03
    9063.894     67.355   4.450  1.01802E+00  1.00637E+00  1.14306E-02
    9065.599     69.060   4.500  1.02754E+00  1.00633E+00  2.08264E-02
    9067.323     70.784   4.550  1.03916E+00  1.00628E+00  3.22846E-02
    9069.066     72.527   4.600  1.05205E+00  1.00623E+00  4.49783E-02
    9070.828     74.289   4.650  1.06417E+00  1.00602E+00  5.71092E-02
    9072.609     76.070   4.700  1.07463E+00  1.00581E+00  6.76039E-02
    9074.409     77.871   4.750  1.08189E+00  1.00560E+00  7.49709E-02
    9076.229     79.690   4.800  1.08467E+00  1.00539E+00  7.79267E-02
    9078.067     81.528   4.850  1.08148E+00  1.00485E+00  7.53543E-02
    9079.924     83.386   4.900  1.07290E+00  1.00431E+00  6.74695E-02
    9081.801     85.262   4.950  1.05932E+00  1.00377E+00  5.46582E-02
    9083.696     87.157   5.000  1.04171E+00  1.00322E+00  3.78735E-02
    9085.611     89.072   5.050  1.02156E+00  1.00268E+00  1.85912E-02
    9087.544     91.006   5.100  1.00057E+00  1.00213E+00 -1.54157E-03
    9089.497     92.958   5.150  9.80351E-01  1.00159E+00 -2.09249E-02
    9091.469     94.930   5.200  9.62327E-01  1.00104E+00 -3.81616E-02
    9093.459     96.921   5.250  9.47692E-01  1.00054E+00 -5.21100E-02
    9095.469     98.930   5.300  9.36837E-01  1.00004E+00 -6.23403E-02
    9097.498    100.959   5.350  9.29800E-01  9.99539E-01 -6.88092E-02
    9099.546    103.007   5.400  9.26218E-01  9.99039E-01 -7.18729E-02
    9101.613    105.074   5.450  9.25687E-01  9.98616E-01 -7.19927E-02
    9103.699    107.160   5.500  9.27235E-01  9.98193E-01 -7.00599E-02
    9105.804    109.265   5.550  9.30241E-01  9.97771E-01 -6.66874E-02
    9107.928    111.389   5.600  9.34316E-01  9.97348E-01 -6.22570E-02
    9110.071    113.532   5.650  9.39615E-01  9.97054E-01 -5.67395E-02
    9112.233    115.694   5.700  9.46162E-01  9.96760E-01 -4.99890E-02
    9114.414    117.875   5.750  9.54425E-01  9.96466E-01 -4.15401E-02
    9116.614    120.076   5.800  9.64953E-01  9.96172E-01 -3.08506E-02
    9118.834    122.295   5.850  9.78379E-01  9.95957E-01 -1.73712E-02
    9121.072    124.533   5.900  9.94654E-01  9.95742E-01 -1.07532E-03
    9123.330    126.791   5.950  1.01347E+00  9.95527E-01  1.77349E-02
    9125.606    129.067   6.000  1.03401E+00  9.95312E-01  3.82450E-02
    9127.902    131.363   6.050  1.05497E+00  9.95162E-01  5.91202E-02
    9130.216    133.677   6.100  1.07442E+00  9.95013E-01  7.85178E-02
    9132.550    136.011   6.150  1.09041E+00  9.94864E-01  9.44946E-02
    9134.902    138.364   6.200  1.10104E+00  9.94715E-01  1.05171E-01
    9137.274    140.735   6.250  1.10474E+00  9.94566E-01  1.09002E-01
    9139.665    143.126   6.300  1.10054E+00  9.94417E-01  1.05019E-01
    9142.075    145.536   6.350  1.08824E+00  9.94267E-01  9.30092E-02
    9144.504    147.965   6.400  1.06846E+00  9.94118E-01  7.36027E-02
    9146.951    150.413   6.450  1.04269E+00  9.93969E-01  4.82450E-02
    9149.418    152.880   6.500  1.01307E+00  9.93820E-01  1.90615E-02
    9151.904    155.366   6.550  9.81573E-01  9.93288E-01 -1.16117E-02
    9154.409    157.871   6.600  9.51809E-01  9.92755E-01 -4.06188E-02
    9156.934    160.395   6.650  9.26390E-01  9.92223E-01 -6.53586E-02
    9159.477    162.938   6.700  9.07412E-01  9.91691E-01 -8.37380E-02
    9162.039    165.500   6.750  8.96215E-01  9.91159E-01 -9.44093E-02
    9164.620    168.082   6.800  8.93248E-01  9.90627E-01 -9.69071E-02
    9167.221    170.682   6.850  8.98056E-01  9.90095E-01 -9.16659E-02
    9169.840    173.301   6.900  9.09381E-01  9.89563E-01 -7.99203E-02
    9172.478    175.940   6.950  9.25369E-01  9.89030E-01 -6.35048E-02
    9175.136    178.597   7.000  9.43840E-01  9.88498E-01 -4.45842E-02
    9177.812    181.274   7.050  9.62286E-01  9.87498E-01 -2.52044E-02
    9180.508    183.969   7.100  9.79024E-01  9.86498E-01 -7.48181E-03
    9183.222    186.684   7.150  9.92586E-01  9.85498E-01  7.10505E-03
    9185.956    189.417   7.200  1.00216E+00  9.84498E-01  1.77261E-02
    9188.709    192.170   7.250  1.00762E+00  9.83498E-01  2.42424E-02
    9191.481    194.942   7.300  1.00946E+00  9.82498E-01  2.71429E-02
    9194.271    197.733   7.350  1.00867E+00  9.81498E-01  2.73903E-02
    9197.081    200.543   7.400  1.00646E+00  9.80498E-01  2.62043E-02
    9199.910    203.372   7.450  1.00406E+00  9.79498E-01  2.48208E-02
    9202.758    206.219   7.500  1.00247E+00  9.78498E-01  2.42630E-02
    9205.625    209.086   7.550  1.00234E+00  9.77463E-01  2.52094E-02
    9208.511    211.973   7.600  1.00376E+00  9.76428E-01  2.77395E-02
    9211.416    214.878   7.650  1.00637E+00  9.75393E-01  3.14702E-02
    9214.341    217.802   7.700  1.00934E+00  9.74358E-01  3.55883E-02
    9217.284    220.745   7.750  1.01161E+00  9.73323E-01  3.90050E-02
    9220.246    223.707   7.800  1.01205E+00  9.72288E-01  4.05591E-02
    9223.227    226.689   7.850  1.00967E+00  9.71253E-01  3.92338E-02
    9226.228    229.689   7.900  1.00381E+00  9.70218E-01  3.43519E-02
    9229.247    232.708   7.950  9.94299E-01  9.69183E-01  2.57180E-02
    9232.286    235.747   8.000  9.81496E-01  9.68148E-01  1.36855E-02
    9235.343    238.804   8.050  9.66263E-01  9.67197E-01 -9.59567E-04
    9238.420    241.881   8.100  9.49869E-01  9.66247E-01 -1.68332E-02
    9241.515    244.977   8.150  9.33866E-01  9.65296E-01 -3.23434E-02
    9244.630    248.091   8.200  9.19845E-01  9.64345E-01 -4.58498E-02
    9247.764    251.225   8.250  9.09219E-01  9.63394E-01 -5.58868E-02
    9250.916    254.378   8.300  9.03032E-01  9.62444E-01 -6.13633E-02
    9254.088    257.549   8.350  9.01821E-01  9.61493E-01 -6.17079E-02
    9257.279    260.740   8.400  9.05549E-01  9.60542E-01 -5.69401E-02
    9260.489    263.950   8.450  9.13620E-01  9.59592E-01 -4.76571E-02
    9263.718    267.179   8.500  9.24976E-01  9.58641E-01 -3.49426E-02
    9266.966    270.427   8.550  9.38387E-01  9.57862E-01 -2.02350E-02
    9270.233    273.694   8.600  9.52276E-01  9.57082E-01 -4.99969E-03
    9273.519    276.980   8.650  9.65219E-01  9.56303E-01  9.28455E-03
    9276.824    280.286   8.700  9.76033E-01  9.55524E-01  2.13797E-02
    9280.148    283.610   8.750  9.83899E-01  9.54745E-01  3.04238E-02
    9283.492    286.953   8.800  9.88429E-01  9.53965E-01  3.60035E-02
    9286.854    290.315   8.850  9.89671E-01  9.53186E-01  3.81566E-02
    9290.235    293.697   8.900  9.88043E-01  9.52407E-01  3.73091E-02
    9293.636    297.097   8.950  9.84222E-01  9.51627E-01  3.41616E-02
    9297.055    300.517   9.000  9.79008E-01  9.50848E-01  2.95458E-02
    9300.494    303.955   9.050  9.73207E-01  9.49992E-01  2.43847E-02
    9303.951    307.413   9.100  9.67373E-01  9.49136E-01  1.91777E-02
    9307.428    310.889   9.150  9.61930E-01  9.48281E-01  1.43707E-02
    9310.924    314.385   9.200  9.57066E-01  9.47425E-01  1.01623E-02
    9314.438    317.900   9.250  9.52745E-01  9.46569E-01  6.51778E-03
    9317.972    321.433   9.300  9.48769E-01  9.45713E-01  3.22853E-03
    9321.525    324.986   9.350  9.44859E-01  9.44857E-01  2.26937E-06
    9325.097    328.558   9.400  9.40758E-01  9.44001E-01 -3.43501E-03
    9328.688    332.149   9.450  9.36310E-01  9.43146E-01 -7.24642E-03
    9332.298    335.759   9.500  9.31531E-01  9.42290E-01 -1.14197E-02
    9335.927    339.388   9.550  9.26417E-01  9.41264E-01 -1.57768E-02
    9339.575    343.036   9.600  9.21513E-01  9.40238E-01 -1.99216E-02
    9343.242    346.703   9.650  9.17262E-01  9.39212E-01 -2.33810E-02
    9346.928    350.389   9.700  9.14139E-01  9.38186E-01 -2.56454E-02
    9350.633    354.094   9.750  9.12561E-01  9.37160E-01 -2.62658E-02
    9354.357    357.819   9.800  9.12797E-01  9.36134E-01 -2.49482E-02
    9358.101    361.562   9.850  9.14901E-01  9.35108E-01 -2.16276E-02
    9361.863    365.324   9.900  9.18682E-01  9.34082E-01 -1.65033E-02
    9365.645    369.106   9.950  9.23710E-01  9.33056E-01 -1.00275E-02
    9369.445    372.906  10.000  9.29380E-01  9.32030E-01 -2.84716E-03
    9373.264    376.726  10.050  9.35029E-01  9.31031E-01  4.29825E-03
    9377.103    380.564  10.100  9.40068E-01  9.30032E-01  1.08022E-02
    9380.961    384.422  10.150  9.43927E-01  9.29032E-01  1.60464E-02
    9384.837    388.299  10.200  9.46194E-01  9.28033E-01  1.95834E-02
    9388.733    392.194  10.250  9.46666E-01  9.27033E-01  2.11916E-02
    9392.648    396.109  10.300  9.45373E-01  9.26034E-01  2.08950E-02
    9396.582    400.043  10.350  9.42553E-01  9.25034E-01  1.89463E-02
    9400.534    403.996  10.400  9.38608E-01  9.24035E-01  1.57755E-02
    9404.506    407.968  10.450  9.34030E-01  9.23036E-01  1.19136E-02
    9408.497    411.959  10.500  9.29325E-01  9.22036E-01  7.90627E-03
    9412.507    415.969  10.550  9.24932E-01  9.21037E-01  4.22915E-03
    9416.536    419.998  10.600  9.21162E-01  9.20037E-01  1.22199E-03
    9420.584    424.046  10.650  9.18164E-01  9.19038E-01 -9.50266E-04
    9424.652    428.113  10.700  9.15923E-01  9.18038E-01 -2.30284E-03
    9428.738    432.199  10.750  9.14283E-01  9.17039E-01 -3.00389E-03
    9432.843    436.304  10.800  9.12995E-01  9.16039E-01 -3.32118E-03
    9436.967    440.429  10.850  9.11786E-01  9.15040E-01 -3.55364E-03
    9441.111    444.572  10.900  9.10417E-01  9.14041E-01 -3.96136E-03
    9445.273    448.734  10.950  9.08739E-01  9.13041E-01 -4.70761E-03
    9449.455    452.916  11.000  9.06725E-01  9.12042E-01 -5.82349E-03
    9453.655    457.116  11.050  9.04419E-01  9.11049E-01 -7.26958E-03
    9457.875    461.336  11.100  9.02044E-01  9.10056E-01 -8.79355E-03
    9462.113    465.575  11.150  8.99856E-01  9.09063E-01 -1.01157E-02
    9466.371    469.832  11.200  8.98130E-01  9.08070E-01 -1.09322E-02
    9470.648    474.109  11.250  8.97109E-01  9.07077E-01 -1.09748E-02
    9474.943    478.405  11.300  8.96952E-01  9.06084E-01 -1.00652E-02
    9479.258    482.720  11.350  8.97700E-01  9.05091E-01 -8.15465E-03
    9483.592    487.053  11.400  8.99262E-01  9.04098E-01 -5.34162E-03
    9487.945    491.406  11.450  9.01420E-01  9.03105E-01 -1.86377E-03
    9492.317    495.778  11.500  9.03860E-01  9.02112E-01  1.93358E-03
    9496.708    500.169  11.550  9.06217E-01  9.01120E-01  5.64707E-03
    9501.118    504.579  11.600  9.08129E-01  9.00127E-01  8.87446E-03
    9505.547    509.008  11.650  9.09288E-01  8.99134E-01  1.12729E-02
    9509.995    513.457  11.700  9.09485E-01  8.98141E-01  1.26067E-02
    9514.462    517.924  11.750  9.08634E-01  8.97148E-01  1.27776E-02
    9518.949    522.410  11.800  9.06780E-01  8.96155E-01  1.18324E-02
    9523.454    526.915  11.850  9.04086E-01  8.95162E-01  9.94880E-03
    9527.978    531.440  11.900  9.00802E-01  8.94169E-01  7.40216E-03
    9532.522    535.983  11.950  8.97223E-01  8.93176E-01  4.52059E-03
    9537.084    540.546  12.000  8.93646E-01  8.92183E-01  1.63553E-03
    9541.666    545.127  12.050  8.90120E-01  8.91003E-01 -9.88033E-04
    9546.266    549.728  12.100  8.86977E-01  8.89822E-01 -3.19085E-03
    9550.886    554.347  12.150  8.84341E-01  8.88642E-01 -4.82869E-03
    9555.525    558.986  12.200  8.82262E-01  8.87462E-01 -5.84574E-03
    9560.182    563.644  12.250  8.80712E-01  8.86281E-01 -6.26884E-03
    9564.859    568.320  12.300  8.79609E-01  8.85101E-01 -6.19004E-03
    9569.555    573.016  12.350  8.78833E-01  8.83921E-01 -5.74153E-03
    9574.270    577.731  12.400  8.78256E-01  8.82740E-01 -5.06799E-03
    9579.004    582.465  12.450  8.77759E-01  8.81560E-01 -4.30109E-03
    9583.757    587.218  12.500  8.77255E-01  8.80380E-01 -3.54048E-03
    9588.529    591.990  12.550  8.76693E-01  8.79199E-01 -2.84358E-03
    9593.320    596.781  12.600  8.76060E-01  8.78019E-01 -2.22507E-03
    9598.130    601.591  12.650  8.75375E-01  8.76838E-01 -1.66498E-03
    9602.959    606.420  12.700  8.74672E-01  8.75658E-01 -1.12272E-03
    9607.807    611.268  12.750  8.73992E-01  8.74478E-01 -5.53905E-04
    9612.674    616.136  12.800  8.73362E-01  8.73297E-01  7.39773E-05
    9617.561    621.022  12.850  8.72790E-01  8.72117E-01  7.69880E-04
    9622.466    625.927  12.900  8.72259E-01  8.70937E-01  1.51378E-03
    9627.390    630.852  12.950  8.71726E-01  8.69756E-01  2.25819E-03
    9632.334    635.795  13.000  8.71133E-01  8.68576E-01  2.93595E-03
    9637.296    640.758  13.050  8.70499E-01  8.67436E-01  3.52090E-03
    9642.278    645.739  13.100  8.69695E-01  8.66297E-01  3.91216E-03
    9647.279    650.740  13.150  8.68674E-01  8.65157E-01  4.05371E-03
    9652.298    655.759  13.200  8.67409E-01  8.64017E-01  3.91432E-03
    9657.337    660.798  13.250  8.65901E-01  8.62878E-01  3.49351E-03
    9662.395    665.856  13.300  8.64177E-01  8.61738E-01  2.82256E-03
    9667.471    670.933  13.350  8.62291E-01  8.60598E-01  1.96074E-03
    9672.567    676.029  13.400  8.60310E-01  8.59459E-01  9.87285E-04
    9677.682    681.144  13.450  8.58311E-01  8.58319E-01 -9.18429E-06
    9682.816    686.277  13.500  8.56370E-01  8.57180E-01 -9.42143E-04
    9687.969    691.430  13.550  8.54548E-01  8.56040E-01 -1.73764E-03
    9693.141    696.603  13.600  8.52892E-01  8.54900E-01 -2.34228E-03
    9698.332    701.794  13.650  8.51425E-01  8.53761E-01 -2.72759E-03
    9703.542    707.004  13.700  8.50149E-01  8.52621E-01 -2.89056E-03
    9708.772    712.233  13.750  8.49047E-01  8.51481E-01 -2.85049E-03
    9714.020    717.481  13.800  8.48087E-01  8.50342E-01 -2.64319E-03
    9719.287    722.749  13.850  8.47231E-01  8.49202E-01 -2.31359E-03
    9724.574    728.035  13.900  8.46439E-01  8.48062E-01 -1.90826E-03
    9729.879    733.340  13.950  8.45675E-01  8.46923E-01 -1.46908E-03
    9735.203    738.665  14.000  8.44910E-01  8.45783E-01 -1.02881E-03
    9740.547    744.008  14.050  8.44017E-01  8.44539E-01 -6.15363E-04
    9745.910    749.371  14.100  8.43107E-01  8.43294E-01 -2.22016E-04
    9751.291    754.752  14.150  8.42173E-01  8.42050E-01  1.45801E-04
    9756.692    760.153  14.200  8.41217E-01  8.40806E-01  4.87278E-04
    9762.111    765.573  14.250  8.40237E-01  8.39561E-01  8.02942E-04
    9767.550    771.012  14.300  8.39235E-01  8.38317E-01  1.09160E-03
    9773.008    776.469  14.350  8.38204E-01  8.37072E-01  1.34817E-03
    9778.485    781.946  14.400  8.37138E-01  8.35828E-01  1.56276E-03
    9783.981    787.442  14.450  8.36025E-01  8.34584E-01  1.72132E-03
    9789.496    792.957  14.500  8.34850E-01  8.33339E-01  1.80751E-03
    9795.030    798.491  14.550  8.33602E-01  8.32095E-01  1.80571E-03
    9800.583    804.044  14.600  8.32271E-01  8.30850E-01  1.70429E-03
    9806.155    809.616  14.650  8.30853E-01  8.29606E-01  1.49878E-03
    9811.746    815.207  14.700  8.29354E-01  8.28362E-01  1.19422E-03
    9817.356    820.818  14.750  8.27786E-01  8.27117E-01  8.06123E-04
    9822.985    826.447  14.800  8.26171E-01  8.25873E-01  3.59997E-04
    9828.634    832.095  14.850  8.24537E-01  8.24628E-01 -1.10774E-04
    9834.301    837.762  14.900  8.22915E-01  8.23384E-01 -5.68338E-04
    9839.988    843.449  14.950  8.21336E-01  8.22140E-01 -9.74643E-04
    9845.693    849.154  15.000  8.19828E-01  8.20895E-01 -1.29594E-03
    9851.417    854.879  15.050  8.18388E-01  8.19649E-01 -1.53379E-03
    9857.161    860.622  15.100  8.17046E-01  8.18402E-01 -1.65281E-03
    9862.924    866.385  15.150  8.15808E-01  8.17156E-01 -1.64515E-03
    9868.705    872.167  15.200  8.14670E-01  8.15909E-01 -1.51538E-03
    9874.506    877.967  15.250  8.13617E-01  8.14663E-01 -1.27987E-03
    9880.326    883.787  15.300  8.12630E-01  8.13416E-01 -9.64729E-04
    9886.165    889.626  15.350  8.11679E-01  8.12170E-01 -6.02498E-04
    9892.022    895.484  15.400  8.10738E-01  8.10923E-01 -2.28232E-04
    9897.899    901.361  15.450  8.09778E-01  8.09677E-01  1.24655E-04
    9903.795    907.257  15.500  8.08777E-01  8.08430E-01  4.28112E-04
    9909.710    913.172  15.550  8.07720E-01  8.07184E-01  6.62261E-04
    9915.644    919.106  15.600  8.06598E-01  8.05938E-01  8.16943E-04
    9921.597    925.059  15.650  8.05411E-01  8.04691E-01  8.91842E-04
    9927.570    931.031  15.700  8.04166E-01  8.03445E-01  8.95236E-04
    9933.561    937.022  15.750  8.02875E-01  8.02198E-01  8.41674E-04
    9939.571    943.032  15.800  8.01553E-01  8.00952E-01  7.48994E-04
    9945.600    949.062  15.850  8.00214E-01  7.99705E-01  6.35205E-04
    9951.649    955.110  15.900  7.98872E-01  7.98459E-01  5.15764E-04
    9957.716    961.177  15.950  7.97533E-01  7.97212E-01  4.01664E-04
    9963.802    967.264  16.000  7.96204E-01  7.95966E-01  2.98587E-04
    9969.908    973.369  16.050  7.94848E-01  7.94681E-01  2.09135E-04
    9976.033    979.494  16.100  7.93498E-01  7.93397E-01  1.26625E-04
    9982.176    985.637  16.150  7.92149E-01  7.92112E-01  4.64944E-05
    9988.339    991.800  16.200  7.90799E-01  7.90828E-01 -3.62894E-05
    9994.520    997.982  16.250  7.89444E-01  7.89543E-01 -1.25366E-04
   10000.721   1004.183  16.300  7.88084E-01  7.88259E-01 -2.21487E-04
   10006.941   1010.402  16.350  7.86721E-01  7.86975E-01 -3.21699E-04
   10013.180   1016.641  16.400  7.85360E-01  7.85690E-01 -4.19364E-04
   10019.438   1022.899  16.450  7.84009E-01  7.84406E-01 -5.05023E-04
   10025.715   1029.176  16.500  7.82676E-01  7.83121E-01 -5.67943E-04
   10032.011   1035.472  16.550  7.81368E-01  7.81837E-01 -5.98059E-04
   10038.326   1041.787  16.600  7.80093E-01  7.80552E-01 -5.87932E-04
   10044.660   1048.121  16.650  7.78851E-01  7.79268E-01 -5.34361E-04
   10051.013   1054.474  16.700  7.77641E-01  7.77983E-01 -4.39321E-04
   10057.385   1060.847  16.750  7.76458E-01  7.76699E-01 -3.10056E-04
   10063.776   1067.238  16.800  7.75292E-01  7.75415E-01 -1.58282E-04
   10070.187   1073.648  16.850  7.74131E-01  7.74130E-01  1.36401E-06
   10076.616   1080.077  16.900  7.72964E-01  7.72846E-01  1.53355E-04
   10083.065   1086.526  16.950  7.71780E-01  7.71561E-01  2.83433E-04
   10089.532   1092.993  17.000  7.70570E-01  7.70277E-01  3.80530E-04
   10096.018   1099.480  17.050  7.69314E-01  7.68970E-01  4.46915E-04
   10102.524   1105.985  17.100  7.68027E-01  7.67663E-01  4.73723E-04
   10109.049   1112.510  17.150  7.66711E-01  7.66356E-01  4.62093E-04
   10115.592   1119.054  17.200  7.65369E-01  7.65049E-01  4.17312E-04
   10122.155   1125.616  17.250  7.64008E-01  7.63742E-01  3.47711E-04
   10128.737   1132.198  17.300  7.62636E-01  7.62435E-01  2.63203E-04
   10135.338   1138.799  17.350  7.61261E-01  7.61129E-01  1.73717E-04
   10141.957   1145.419  17.400  7.59888E-01  7.59822E-01  8.78162E-05
   10148.596   1152.058  17.450  7.58524E-01  7.58515E-01  1.17136E-05
   10155.254   1158.716  17.500  7.57169E-01  7.57208E-01 -5.11822E-05
   10161.931   1165.393  17.550  7.55825E-01  7.55901E-01 -1.00157E-04
   10168.627   1172.089  17.600  7.54491E-01  7.54594E-01 -1.36603E-04
   10175.342   1178.804  17.650  7.53164E-01  7.53287E-01 -1.63120E-04
   10182.076   1185.538  17.700  7.51843E-01  7.51980E-01 -1.82520E-04
   10188.830   1192.291  17.750  7.50525E-01  7.50673E-01 -1.96955E-04
   10195.602   1199.063  17.800  7.49211E-01  7.49366E-01 -2.07348E-04
   10202.393   1205.855  17.850  7.47900E-01  7.48060E-01 -2.13228E-04
   10209.204   1212.665  17.900  7.46593E-01  7.46753E-01 -2.12978E-04
   10216.033   1219.494  17.950  7.45293E-01  7.45446E-01 -2.04413E-04
   10222.881   1226.343  18.000  7.44001E-01  7.44139E-01 -1.85546E-04
   10229.749   1233.210  18.050  7.42702E-01  7.42820E-01 -1.58651E-04
   10236.635   1240.097  18.100  7.41413E-01  7.41501E-01 -1.19409E-04
   10243.541   1247.002  18.150  7.40132E-01  7.40183E-01 -6.91403E-05
   10250.466   1253.927  18.200  7.38856E-01  7.38864E-01 -1.09839E-05
   10257.409   1260.871  18.250  7.37583E-01  7.37545E-01  5.03691E-05
   10264.372   1267.833  18.300  7.36307E-01  7.36227E-01  1.09258E-04
   10271.354   1274.815  18.350  7.35026E-01  7.34908E-01  1.59851E-04
   10278.355   1281.816  18.400  7.33734E-01  7.33589E-01  1.97015E-04
   10285.375   1288.836  18.450  7.32430E-01  7.32270E-01  2.17097E-04
   10292.414   1295.875  18.500  7.31112E-01  7.30952E-01  2.18479E-04
   10299.472   1302.933  18.550  7.29780E-01  7.29633E-01  2.01802E-04
   10306.549   1310.010  18.600  7.28438E-01  7.28314E-01  1.69832E-04
   10313.645   1317.106  18.650  7.27088E-01  7.26996E-01  1.26989E-04
   10320.760   1324.221  18.700  7.25734E-01  7.25677E-01  7.86355E-05
   10327.894   1331.355  18.750  7.24380E-01  7.24358E-01  3.02590E-05
   10335.047   1338.509  18.800  7.23030E-01  7.23040E-01 -1.33117E-05
   10342.220   1345.681  18.850  7.21686E-01  7.21721E-01 -4.85199E-05
   10349.411   1352.872  18.900  7.20349E-01  7.20402E-01 -7.34302E-05
   10356.621   1360.083  18.950  7.19020E-01  7.19083E-01 -8.77742E-05
   10363.851   1367.312  19.000  7.17698E-01  7.17765E-01 -9.27107E-05
   10371.099   1374.561  19.050  7.16372E-01  7.16438E-01 -9.23785E-05
   10378.367   1381.828  19.100  7.15050E-01  7.15112E-01 -8.69947E-05
   10385.653   1389.115  19.150  7.13729E-01  7.13786E-01 -7.88504E-05
   10392.959   1396.420  19.200  7.12409E-01  7.12459E-01 -6.98921E-05
   10400.284   1403.745  19.250  7.11089E-01  7.11133E-01 -6.14006E-05
   10407.628   1411.089  19.300  7.09768E-01  7.09807E-01 -5.38470E-05
   10414.990   1418.452  19.350  7.08447E-01  7.08480E-01 -4.69414E-05
   10422.372   1425.833  19.400  7.07126E-01  7.07154E-01 -3.98483E-05
   10429.773   1433.234  19.450  7.05805E-01  7.05828E-01 -3.15116E-05
   10437.193   1440.654  19.500  7.04486E-01  7.04501E-01 -2.10135E-05
   10444.632   1448.093  19.550  7.03169E-01  7.03175E-01 -7.88774E-06
   10452.090   1455.551  19.600  7.01854E-01  7.01849E-01  7.67801E-06
   10459.567   1463.028  19.650  7.00540E-01  7.00522E-01  2.47925E-05
   10467.063   1470.525  19.700  6.99225E-01  6.99196E-01  4.19704E-05
   10474.578   1478.040  19.750  6.97910E-01  6.97870E-01  5.73759E-05
   10482.113   1485.574  19.800  6.96591E-01  6.96543E-01  6.91491E-05
   10489.666   1493.127  19.850  6.95270E-01  6.95217E-01  7.57473E-05
   10497.238   1500.700  19.900  6.93943E-01  6.93891E-01  7.62331E-05
   10504.830   1508.291  19.950  6.92613E-01  6.92564E-01  7.04538E-05
   10512.440   1515.902  20.000  6.91279E-01  6.91238E-01  5.90793E-05
