natx =      691
    x       y        z       iph  
      0.00000      0.00000      0.00000   0      0.00000
      2.22245      0.00000      0.00000   2      2.22245
     -2.22245      0.00000      0.00000   2      2.22245
      0.00000      2.22245      0.00000   2      2.22245
      0.00000     -2.22245      0.00000   2      2.22245
      0.00000      0.00000      2.22245   2      2.22245
      0.00000      0.00000     -2.22245   2      2.22245
      2.22245      2.22245      0.00000   1      3.14302
     -2.22245      2.22245      0.00000   1      3.14302
      2.22245     -2.22245      0.00000   1      3.14302
     -2.22245     -2.22245      0.00000   1      3.14302
      2.22245      0.00000      2.22245   1      3.14302
     -2.22245      0.00000      2.22245   1      3.14302
      0.00000      2.22245      2.22245   1      3.14302
      0.00000     -2.22245      2.22245   1      3.14302
      2.22245      0.00000     -2.22245   1      3.14302
     -2.22245      0.00000     -2.22245   1      3.14302
      0.00000      2.22245     -2.22245   1      3.14302
      0.00000     -2.22245     -2.22245   1      3.14302
      2.22245      2.22245      2.22245   2      3.84940
     -2.22245      2.22245      2.22245   2      3.84940
      2.22245     -2.22245      2.22245   2      3.84940
     -2.22245     -2.22245      2.22245   2      3.84940
      2.22245      2.22245     -2.22245   2      3.84940
     -2.22245      2.22245     -2.22245   2      3.84940
      2.22245     -2.22245     -2.22245   2      3.84940
     -2.22245     -2.22245     -2.22245   2      3.84940
      4.44490      0.00000      0.00000   1      4.44490
     -4.44490      0.00000      0.00000   1      4.44490
      0.00000      4.44490      0.00000   1      4.44490
      0.00000     -4.44490      0.00000   1      4.44490
      0.00000      0.00000      4.44490   1      4.44490
      0.00000      0.00000     -4.44490   1      4.44490
      4.44490      2.22245      0.00000   2      4.96955
     -4.44490      2.22245      0.00000   2      4.96955
      2.22245      4.44490      0.00000   2      4.96955
     -2.22245      4.44490      0.00000   2      4.96955
      4.44490     -2.22245      0.00000   2      4.96955
     -4.44490     -2.22245      0.00000   2      4.96955
      2.22245     -4.44490      0.00000   2      4.96955
     -2.22245     -4.44490      0.00000   2      4.96955
      4.44490      0.00000      2.22245   2      4.96955
     -4.44490      0.00000      2.22245   2      4.96955
      0.00000      4.44490      2.22245   2      4.96955
      0.00000     -4.44490      2.22245   2      4.96955
      2.22245      0.00000      4.44490   2      4.96955
     -2.22245      0.00000      4.44490   2      4.96955
      0.00000      2.22245      4.44490   2      4.96955
      0.00000     -2.22245      4.44490   2      4.96955
      4.44490      0.00000     -2.22245   2      4.96955
     -4.44490      0.00000     -2.22245   2      4.96955
      0.00000      4.44490     -2.22245   2      4.96955
      0.00000     -4.44490     -2.22245   2      4.96955
      2.22245      0.00000     -4.44490   2      4.96955
     -2.22245      0.00000     -4.44490   2      4.96955
      0.00000      2.22245     -4.44490   2      4.96955
      0.00000     -2.22245     -4.44490   2      4.96955
      4.44490      2.22245      2.22245   1      5.44387
     -4.44490      2.22245      2.22245   1      5.44387
      2.22245      4.44490      2.22245   1      5.44387
     -2.22245      4.44490      2.22245   1      5.44387
      4.44490     -2.22245      2.22245   1      5.44387
     -4.44490     -2.22245      2.22245   1      5.44387
      2.22245     -4.44490      2.22245   1      5.44387
     -2.22245     -4.44490      2.22245   1      5.44387
      2.22245      2.22245      4.44490   1      5.44387
     -2.22245      2.22245      4.44490   1      5.44387
      2.22245     -2.22245      4.44490   1      5.44387
     -2.22245     -2.22245      4.44490   1      5.44387
      4.44490      2.22245     -2.22245   1      5.44387
     -4.44490      2.22245     -2.22245   1      5.44387
      2.22245      4.44490     -2.22245   1      5.44387
     -2.22245      4.44490     -2.22245   1      5.44387
      4.44490     -2.22245     -2.22245   1      5.44387
     -4.44490     -2.22245     -2.22245   1      5.44387
      2.22245     -4.44490     -2.22245   1      5.44387
     -2.22245     -4.44490     -2.22245   1      5.44387
      2.22245      2.22245     -4.44490   1      5.44387
     -2.22245      2.22245     -4.44490   1      5.44387
      2.22245     -2.22245     -4.44490   1      5.44387
     -2.22245     -2.22245     -4.44490   1      5.44387
      4.44490      4.44490      0.00000   1      6.28604
     -4.44490      4.44490      0.00000   1      6.28604
      4.44490     -4.44490      0.00000   1      6.28604
     -4.44490     -4.44490      0.00000   1      6.28604
      4.44490      0.00000      4.44490   1      6.28604
     -4.44490      0.00000      4.44490   1      6.28604
      0.00000      4.44490      4.44490   1      6.28604
      0.00000     -4.44490      4.44490   1      6.28604
      4.44490      0.00000     -4.44490   1      6.28604
     -4.44490      0.00000     -4.44490   1      6.28604
      0.00000      4.44490     -4.44490   1      6.28604
      0.00000     -4.44490     -4.44490   1      6.28604
      6.66735      0.00000      0.00000   2      6.66735
     -6.66735      0.00000      0.00000   2      6.66735
      0.00000      6.66735      0.00000   2      6.66735
      0.00000     -6.66735      0.00000   2      6.66735
      4.44490      4.44490      2.22245   2      6.66735
     -4.44490      4.44490      2.22245   2      6.66735
      4.44490     -4.44490      2.22245   2      6.66735
     -4.44490     -4.44490      2.22245   2      6.66735
      4.44490      2.22245      4.44490   2      6.66735
     -4.44490      2.22245      4.44490   2      6.66735
      2.22245      4.44490      4.44490   2      6.66735
     -2.22245      4.44490      4.44490   2      6.66735
      4.44490     -2.22245      4.44490   2      6.66735
     -4.44490     -2.22245      4.44490   2      6.66735
      2.22245     -4.44490      4.44490   2      6.66735
     -2.22245     -4.44490      4.44490   2      6.66735
      0.00000      0.00000      6.66735   2      6.66735
      4.44490      4.44490     -2.22245   2      6.66735
     -4.44490      4.44490     -2.22245   2      6.66735
      4.44490     -4.44490     -2.22245   2      6.66735
     -4.44490     -4.44490     -2.22245   2      6.66735
      4.44490      2.22245     -4.44490   2      6.66735
     -4.44490      2.22245     -4.44490   2      6.66735
      2.22245      4.44490     -4.44490   2      6.66735
     -2.22245      4.44490     -4.44490   2      6.66735
      4.44490     -2.22245     -4.44490   2      6.66735
     -4.44490     -2.22245     -4.44490   2      6.66735
      2.22245     -4.44490     -4.44490   2      6.66735
     -2.22245     -4.44490     -4.44490   2      6.66735
      0.00000      0.00000     -6.66735   2      6.66735
      6.66735      2.22245      0.00000   1      7.02800
     -6.66735      2.22245      0.00000   1      7.02800
      2.22245      6.66735      0.00000   1      7.02800
     -2.22245      6.66735      0.00000   1      7.02800
      6.66735     -2.22245      0.00000   1      7.02800
     -6.66735     -2.22245      0.00000   1      7.02800
      2.22245     -6.66735      0.00000   1      7.02800
     -2.22245     -6.66735      0.00000   1      7.02800
      6.66735      0.00000      2.22245   1      7.02800
     -6.66735      0.00000      2.22245   1      7.02800
      0.00000      6.66735      2.22245   1      7.02800
      0.00000     -6.66735      2.22245   1      7.02800
      2.22245      0.00000      6.66735   1      7.02800
     -2.22245      0.00000      6.66735   1      7.02800
      0.00000      2.22245      6.66735   1      7.02800
      0.00000     -2.22245      6.66735   1      7.02800
      6.66735      0.00000     -2.22245   1      7.02800
     -6.66735      0.00000     -2.22245   1      7.02800
      0.00000      6.66735     -2.22245   1      7.02800
      0.00000     -6.66735     -2.22245   1      7.02800
      2.22245      0.00000     -6.66735   1      7.02800
     -2.22245      0.00000     -6.66735   1      7.02800
      0.00000      2.22245     -6.66735   1      7.02800
      0.00000     -2.22245     -6.66735   1      7.02800
      6.66735      2.22245      2.22245   2      7.37103
     -6.66735      2.22245      2.22245   2      7.37103
      2.22245      6.66735      2.22245   2      7.37103
     -2.22245      6.66735      2.22245   2      7.37103
      6.66735     -2.22245      2.22245   2      7.37103
     -6.66735     -2.22245      2.22245   2      7.37103
      2.22245     -6.66735      2.22245   2      7.37103
     -2.22245     -6.66735      2.22245   2      7.37103
      2.22245      2.22245      6.66735   2      7.37103
     -2.22245      2.22245      6.66735   2      7.37103
      2.22245     -2.22245      6.66735   2      7.37103
     -2.22245     -2.22245      6.66735   2      7.37103
      6.66735      2.22245     -2.22245   2      7.37103
     -6.66735      2.22245     -2.22245   2      7.37103
      2.22245      6.66735     -2.22245   2      7.37103
     -2.22245      6.66735     -2.22245   2      7.37103
      6.66735     -2.22245     -2.22245   2      7.37103
     -6.66735     -2.22245     -2.22245   2      7.37103
      2.22245     -6.66735     -2.22245   2      7.37103
     -2.22245     -6.66735     -2.22245   2      7.37103
      2.22245      2.22245     -6.66735   2      7.37103
     -2.22245      2.22245     -6.66735   2      7.37103
      2.22245     -2.22245     -6.66735   2      7.37103
     -2.22245     -2.22245     -6.66735   2      7.37103
      4.44490      4.44490      4.44490   1      7.69879
     -4.44490      4.44490      4.44490   1      7.69879
      4.44490     -4.44490      4.44490   1      7.69879
     -4.44490     -4.44490      4.44490   1      7.69879
      4.44490      4.44490     -4.44490   1      7.69879
     -4.44490      4.44490     -4.44490   1      7.69879
      4.44490     -4.44490     -4.44490   1      7.69879
     -4.44490     -4.44490     -4.44490   1      7.69879
      6.66735      4.44490      0.00000   2      8.01316
     -6.66735      4.44490      0.00000   2      8.01316
      4.44490      6.66735      0.00000   2      8.01316
     -4.44490      6.66735      0.00000   2      8.01316
      6.66735     -4.44490      0.00000   2      8.01316
     -6.66735     -4.44490      0.00000   2      8.01316
      4.44490     -6.66735      0.00000   2      8.01316
     -4.44490     -6.66735      0.00000   2      8.01316
      6.66735      0.00000      4.44490   2      8.01316
     -6.66735      0.00000      4.44490   2      8.01316
      0.00000      6.66735      4.44490   2      8.01316
      0.00000     -6.66735      4.44490   2      8.01316
      4.44490      0.00000      6.66735   2      8.01316
     -4.44490      0.00000      6.66735   2      8.01316
      0.00000      4.44490      6.66735   2      8.01316
      0.00000     -4.44490      6.66735   2      8.01316
      6.66735      0.00000     -4.44490   2      8.01316
     -6.66735      0.00000     -4.44490   2      8.01316
      0.00000      6.66735     -4.44490   2      8.01316
      0.00000     -6.66735     -4.44490   2      8.01316
      4.44490      0.00000     -6.66735   2      8.01316
     -4.44490      0.00000     -6.66735   2      8.01316
      0.00000      4.44490     -6.66735   2      8.01316
      0.00000     -4.44490     -6.66735   2      8.01316
      6.66735      4.44490      2.22245   1      8.31565
     -6.66735      4.44490      2.22245   1      8.31565
      4.44490      6.66735      2.22245   1      8.31565
     -4.44490      6.66735      2.22245   1      8.31565
      6.66735     -4.44490      2.22245   1      8.31565
     -6.66735     -4.44490      2.22245   1      8.31565
      4.44490     -6.66735      2.22245   1      8.31565
     -4.44490     -6.66735      2.22245   1      8.31565
      6.66735      2.22245      4.44490   1      8.31565
     -6.66735      2.22245      4.44490   1      8.31565
      2.22245      6.66735      4.44490   1      8.31565
     -2.22245      6.66735      4.44490   1      8.31565
      6.66735     -2.22245      4.44490   1      8.31565
     -6.66735     -2.22245      4.44490   1      8.31565
      2.22245     -6.66735      4.44490   1      8.31565
     -2.22245     -6.66735      4.44490   1      8.31565
      4.44490      2.22245      6.66735   1      8.31565
     -4.44490      2.22245      6.66735   1      8.31565
      2.22245      4.44490      6.66735   1      8.31565
     -2.22245      4.44490      6.66735   1      8.31565
      4.44490     -2.22245      6.66735   1      8.31565
     -4.44490     -2.22245      6.66735   1      8.31565
      2.22245     -4.44490      6.66735   1      8.31565
     -2.22245     -4.44490      6.66735   1      8.31565
      6.66735      4.44490     -2.22245   1      8.31565
     -6.66735      4.44490     -2.22245   1      8.31565
      4.44490      6.66735     -2.22245   1      8.31565
     -4.44490      6.66735     -2.22245   1      8.31565
      6.66735     -4.44490     -2.22245   1      8.31565
     -6.66735     -4.44490     -2.22245   1      8.31565
      4.44490     -6.66735     -2.22245   1      8.31565
     -4.44490     -6.66735     -2.22245   1      8.31565
      6.66735      2.22245     -4.44490   1      8.31565
     -6.66735      2.22245     -4.44490   1      8.31565
      2.22245      6.66735     -4.44490   1      8.31565
     -2.22245      6.66735     -4.44490   1      8.31565
      6.66735     -2.22245     -4.44490   1      8.31565
     -6.66735     -2.22245     -4.44490   1      8.31565
      2.22245     -6.66735     -4.44490   1      8.31565
     -2.22245     -6.66735     -4.44490   1      8.31565
      4.44490      2.22245     -6.66735   1      8.31565
     -4.44490      2.22245     -6.66735   1      8.31565
      2.22245      4.44490     -6.66735   1      8.31565
     -2.22245      4.44490     -6.66735   1      8.31565
      4.44490     -2.22245     -6.66735   1      8.31565
     -4.44490     -2.22245     -6.66735   1      8.31565
      2.22245     -4.44490     -6.66735   1      8.31565
     -2.22245     -4.44490     -6.66735   1      8.31565
      8.88980      0.00000      0.00000   1      8.88980
     -8.88980      0.00000      0.00000   1      8.88980
      0.00000      8.88980      0.00000   1      8.88980
      0.00000     -8.88980      0.00000   1      8.88980
      0.00000      0.00000      8.88980   1      8.88980
      0.00000      0.00000     -8.88980   1      8.88980
      8.88980      2.22245      0.00000   2      9.16340
     -8.88980      2.22245      0.00000   2      9.16340
      2.22245      8.88980      0.00000   2      9.16340
     -2.22245      8.88980      0.00000   2      9.16340
      8.88980     -2.22245      0.00000   2      9.16340
     -8.88980     -2.22245      0.00000   2      9.16340
      2.22245     -8.88980      0.00000   2      9.16340
     -2.22245     -8.88980      0.00000   2      9.16340
      8.88980      0.00000      2.22245   2      9.16340
     -8.88980      0.00000      2.22245   2      9.16340
      0.00000      8.88980      2.22245   2      9.16340
      0.00000     -8.88980      2.22245   2      9.16340
      6.66735      4.44490      4.44490   2      9.16340
     -6.66735      4.44490      4.44490   2      9.16340
      4.44490      6.66735      4.44490   2      9.16340
     -4.44490      6.66735      4.44490   2      9.16340
      6.66735     -4.44490      4.44490   2      9.16340
     -6.66735     -4.44490      4.44490   2      9.16340
      4.44490     -6.66735      4.44490   2      9.16340
     -4.44490     -6.66735      4.44490   2      9.16340
      4.44490      4.44490      6.66735   2      9.16340
     -4.44490      4.44490      6.66735   2      9.16340
      4.44490     -4.44490      6.66735   2      9.16340
     -4.44490     -4.44490      6.66735   2      9.16340
      2.22245      0.00000      8.88980   2      9.16340
     -2.22245      0.00000      8.88980   2      9.16340
      0.00000      2.22245      8.88980   2      9.16340
      0.00000     -2.22245      8.88980   2      9.16340
      8.88980      0.00000     -2.22245   2      9.16340
     -8.88980      0.00000     -2.22245   2      9.16340
      0.00000      8.88980     -2.22245   2      9.16340
      0.00000     -8.88980     -2.22245   2      9.16340
      6.66735      4.44490     -4.44490   2      9.16340
     -6.66735      4.44490     -4.44490   2      9.16340
      4.44490      6.66735     -4.44490   2      9.16340
     -4.44490      6.66735     -4.44490   2      9.16340
      6.66735     -4.44490     -4.44490   2      9.16340
     -6.66735     -4.44490     -4.44490   2      9.16340
      4.44490     -6.66735     -4.44490   2      9.16340
     -4.44490     -6.66735     -4.44490   2      9.16340
      4.44490      4.44490     -6.66735   2      9.16340
     -4.44490      4.44490     -6.66735   2      9.16340
      4.44490     -4.44490     -6.66735   2      9.16340
     -4.44490     -4.44490     -6.66735   2      9.16340
      2.22245      0.00000     -8.88980   2      9.16340
     -2.22245      0.00000     -8.88980   2      9.16340
      0.00000      2.22245     -8.88980   2      9.16340
      0.00000     -2.22245     -8.88980   2      9.16340
      6.66735      6.66735      0.00000   1      9.42906
     -6.66735      6.66735      0.00000   1      9.42906
      6.66735     -6.66735      0.00000   1      9.42906
     -6.66735     -6.66735      0.00000   1      9.42906
      8.88980      2.22245      2.22245   1      9.42906
     -8.88980      2.22245      2.22245   1      9.42906
      2.22245      8.88980      2.22245   1      9.42906
     -2.22245      8.88980      2.22245   1      9.42906
      8.88980     -2.22245      2.22245   1      9.42906
     -8.88980     -2.22245      2.22245   1      9.42906
      2.22245     -8.88980      2.22245   1      9.42906
     -2.22245     -8.88980      2.22245   1      9.42906
      6.66735      0.00000      6.66735   1      9.42906
     -6.66735      0.00000      6.66735   1      9.42906
      0.00000      6.66735      6.66735   1      9.42906
      0.00000     -6.66735      6.66735   1      9.42906
      2.22245      2.22245      8.88980   1      9.42906
     -2.22245      2.22245      8.88980   1      9.42906
      2.22245     -2.22245      8.88980   1      9.42906
     -2.22245     -2.22245      8.88980   1      9.42906
      8.88980      2.22245     -2.22245   1      9.42906
     -8.88980      2.22245     -2.22245   1      9.42906
      2.22245      8.88980     -2.22245   1      9.42906
     -2.22245      8.88980     -2.22245   1      9.42906
      8.88980     -2.22245     -2.22245   1      9.42906
     -8.88980     -2.22245     -2.22245   1      9.42906
      2.22245     -8.88980     -2.22245   1      9.42906
     -2.22245     -8.88980     -2.22245   1      9.42906
      6.66735      0.00000     -6.66735   1      9.42906
     -6.66735      0.00000     -6.66735   1      9.42906
      0.00000      6.66735     -6.66735   1      9.42906
      0.00000     -6.66735     -6.66735   1      9.42906
      2.22245      2.22245     -8.88980   1      9.42906
     -2.22245      2.22245     -8.88980   1      9.42906
      2.22245     -2.22245     -8.88980   1      9.42906
     -2.22245     -2.22245     -8.88980   1      9.42906
      6.66735      6.66735      2.22245   2      9.68743
     -6.66735      6.66735      2.22245   2      9.68743
      6.66735     -6.66735      2.22245   2      9.68743
     -6.66735     -6.66735      2.22245   2      9.68743
      6.66735      2.22245      6.66735   2      9.68743
     -6.66735      2.22245      6.66735   2      9.68743
      2.22245      6.66735      6.66735   2      9.68743
     -2.22245      6.66735      6.66735   2      9.68743
      6.66735     -2.22245      6.66735   2      9.68743
     -6.66735     -2.22245      6.66735   2      9.68743
      2.22245     -6.66735      6.66735   2      9.68743
     -2.22245     -6.66735      6.66735   2      9.68743
      6.66735      6.66735     -2.22245   2      9.68743
     -6.66735      6.66735     -2.22245   2      9.68743
      6.66735     -6.66735     -2.22245   2      9.68743
     -6.66735     -6.66735     -2.22245   2      9.68743
      6.66735      2.22245     -6.66735   2      9.68743
     -6.66735      2.22245     -6.66735   2      9.68743
      2.22245      6.66735     -6.66735   2      9.68743
     -2.22245      6.66735     -6.66735   2      9.68743
      6.66735     -2.22245     -6.66735   2      9.68743
     -6.66735     -2.22245     -6.66735   2      9.68743
      2.22245     -6.66735     -6.66735   2      9.68743
     -2.22245     -6.66735     -6.66735   2      9.68743
      8.88980      4.44490      0.00000   1      9.93910
     -8.88980      4.44490      0.00000   1      9.93910
      4.44490      8.88980      0.00000   1      9.93910
     -4.44490      8.88980      0.00000   1      9.93910
      8.88980     -4.44490      0.00000   1      9.93910
     -8.88980     -4.44490      0.00000   1      9.93910
      4.44490     -8.88980      0.00000   1      9.93910
     -4.44490     -8.88980      0.00000   1      9.93910
      8.88980      0.00000      4.44490   1      9.93910
     -8.88980      0.00000      4.44490   1      9.93910
      0.00000      8.88980      4.44490   1      9.93910
      0.00000     -8.88980      4.44490   1      9.93910
      4.44490      0.00000      8.88980   1      9.93910
     -4.44490      0.00000      8.88980   1      9.93910
      0.00000      4.44490      8.88980   1      9.93910
      0.00000     -4.44490      8.88980   1      9.93910
      8.88980      0.00000     -4.44490   1      9.93910
     -8.88980      0.00000     -4.44490   1      9.93910
      0.00000      8.88980     -4.44490   1      9.93910
      0.00000     -8.88980     -4.44490   1      9.93910
      4.44490      0.00000     -8.88980   1      9.93910
     -4.44490      0.00000     -8.88980   1      9.93910
      0.00000      4.44490     -8.88980   1      9.93910
      0.00000     -4.44490     -8.88980   1      9.93910
      8.88980      4.44490      2.22245   2     10.18455
     -8.88980      4.44490      2.22245   2     10.18455
      4.44490      8.88980      2.22245   2     10.18455
     -4.44490      8.88980      2.22245   2     10.18455
      8.88980     -4.44490      2.22245   2     10.18455
     -8.88980     -4.44490      2.22245   2     10.18455
      4.44490     -8.88980      2.22245   2     10.18455
     -4.44490     -8.88980      2.22245   2     10.18455
      8.88980      2.22245      4.44490   2     10.18455
     -8.88980      2.22245      4.44490   2     10.18455
      2.22245      8.88980      4.44490   2     10.18455
     -2.22245      8.88980      4.44490   2     10.18455
      8.88980     -2.22245      4.44490   2     10.18455
     -8.88980     -2.22245      4.44490   2     10.18455
      2.22245     -8.88980      4.44490   2     10.18455
     -2.22245     -8.88980      4.44490   2     10.18455
      4.44490      2.22245      8.88980   2     10.18455
     -4.44490      2.22245      8.88980   2     10.18455
      2.22245      4.44490      8.88980   2     10.18455
     -2.22245      4.44490      8.88980   2     10.18455
      4.44490     -2.22245      8.88980   2     10.18455
     -4.44490     -2.22245      8.88980   2     10.18455
      2.22245     -4.44490      8.88980   2     10.18455
     -2.22245     -4.44490      8.88980   2     10.18455
      8.88980      4.44490     -2.22245   2     10.18455
     -8.88980      4.44490     -2.22245   2     10.18455
      4.44490      8.88980     -2.22245   2     10.18455
     -4.44490      8.88980     -2.22245   2     10.18455
      8.88980     -4.44490     -2.22245   2     10.18455
     -8.88980     -4.44490     -2.22245   2     10.18455
      4.44490     -8.88980     -2.22245   2     10.18455
     -4.44490     -8.88980     -2.22245   2     10.18455
      8.88980      2.22245     -4.44490   2     10.18455
     -8.88980      2.22245     -4.44490   2     10.18455
      2.22245      8.88980     -4.44490   2     10.18455
     -2.22245      8.88980     -4.44490   2     10.18455
      8.88980     -2.22245     -4.44490   2     10.18455
     -8.88980     -2.22245     -4.44490   2     10.18455
      2.22245     -8.88980     -4.44490   2     10.18455
     -2.22245     -8.88980     -4.44490   2     10.18455
      4.44490      2.22245     -8.88980   2     10.18455
     -4.44490      2.22245     -8.88980   2     10.18455
      2.22245      4.44490     -8.88980   2     10.18455
     -2.22245      4.44490     -8.88980   2     10.18455
      4.44490     -2.22245     -8.88980   2     10.18455
     -4.44490     -2.22245     -8.88980   2     10.18455
      2.22245     -4.44490     -8.88980   2     10.18455
     -2.22245     -4.44490     -8.88980   2     10.18455
      6.66735      6.66735      4.44490   1     10.42421
     -6.66735      6.66735      4.44490   1     10.42421
      6.66735     -6.66735      4.44490   1     10.42421
     -6.66735     -6.66735      4.44490   1     10.42421
      6.66735      4.44490      6.66735   1     10.42421
     -6.66735      4.44490      6.66735   1     10.42421
      4.44490      6.66735      6.66735   1     10.42421
     -4.44490      6.66735      6.66735   1     10.42421
      6.66735     -4.44490      6.66735   1     10.42421
     -6.66735     -4.44490      6.66735   1     10.42421
      4.44490     -6.66735      6.66735   1     10.42421
     -4.44490     -6.66735      6.66735   1     10.42421
      6.66735      6.66735     -4.44490   1     10.42421
     -6.66735      6.66735     -4.44490   1     10.42421
      6.66735     -6.66735     -4.44490   1     10.42421
     -6.66735     -6.66735     -4.44490   1     10.42421
      6.66735      4.44490     -6.66735   1     10.42421
     -6.66735      4.44490     -6.66735   1     10.42421
      4.44490      6.66735     -6.66735   1     10.42421
     -4.44490      6.66735     -6.66735   1     10.42421
      6.66735     -4.44490     -6.66735   1     10.42421
     -6.66735     -4.44490     -6.66735   1     10.42421
      4.44490     -6.66735     -6.66735   1     10.42421
     -4.44490     -6.66735     -6.66735   1     10.42421
      8.88980      4.44490      4.44490   1     10.88774
     -8.88980      4.44490      4.44490   1     10.88774
      4.44490      8.88980      4.44490   1     10.88774
     -4.44490      8.88980      4.44490   1     10.88774
      8.88980     -4.44490      4.44490   1     10.88774
     -8.88980     -4.44490      4.44490   1     10.88774
      4.44490     -8.88980      4.44490   1     10.88774
     -4.44490     -8.88980      4.44490   1     10.88774
      4.44490      4.44490      8.88980   1     10.88774
     -4.44490      4.44490      8.88980   1     10.88774
      4.44490     -4.44490      8.88980   1     10.88774
     -4.44490     -4.44490      8.88980   1     10.88774
      8.88980      4.44490     -4.44490   1     10.88774
     -8.88980      4.44490     -4.44490   1     10.88774
      4.44490      8.88980     -4.44490   1     10.88774
     -4.44490      8.88980     -4.44490   1     10.88774
      8.88980     -4.44490     -4.44490   1     10.88774
     -8.88980     -4.44490     -4.44490   1     10.88774
      4.44490     -8.88980     -4.44490   1     10.88774
     -4.44490     -8.88980     -4.44490   1     10.88774
      4.44490      4.44490     -8.88980   1     10.88774
     -4.44490      4.44490     -8.88980   1     10.88774
      4.44490     -4.44490     -8.88980   1     10.88774
     -4.44490     -4.44490     -8.88980   1     10.88774
     11.11225      0.00000      0.00000   2     11.11225
    -11.11225      0.00000      0.00000   2     11.11225
      8.88980      6.66735      0.00000   2     11.11225
     -8.88980      6.66735      0.00000   2     11.11225
      6.66735      8.88980      0.00000   2     11.11225
     -6.66735      8.88980      0.00000   2     11.11225
      8.88980     -6.66735      0.00000   2     11.11225
     -8.88980     -6.66735      0.00000   2     11.11225
      6.66735     -8.88980      0.00000   2     11.11225
     -6.66735     -8.88980      0.00000   2     11.11225
      0.00000     11.11225      0.00000   2     11.11225
      0.00000    -11.11225      0.00000   2     11.11225
      8.88980      0.00000      6.66735   2     11.11225
     -8.88980      0.00000      6.66735   2     11.11225
      0.00000      8.88980      6.66735   2     11.11225
      0.00000     -8.88980      6.66735   2     11.11225
      6.66735      0.00000      8.88980   2     11.11225
     -6.66735      0.00000      8.88980   2     11.11225
      0.00000      6.66735      8.88980   2     11.11225
      0.00000     -6.66735      8.88980   2     11.11225
      8.88980      0.00000     -6.66735   2     11.11225
     -8.88980      0.00000     -6.66735   2     11.11225
      0.00000      8.88980     -6.66735   2     11.11225
      0.00000     -8.88980     -6.66735   2     11.11225
      6.66735      0.00000     -8.88980   2     11.11225
     -6.66735      0.00000     -8.88980   2     11.11225
      0.00000      6.66735     -8.88980   2     11.11225
      0.00000     -6.66735     -8.88980   2     11.11225
      0.00000      0.00000     11.11225   2     11.11225
      0.00000      0.00000    -11.11225   2     11.11225
     11.11225      2.22245      0.00000   1     11.33232
    -11.11225      2.22245      0.00000   1     11.33232
     11.11225     -2.22245      0.00000   1     11.33232
    -11.11225     -2.22245      0.00000   1     11.33232
      2.22245     11.11225      0.00000   1     11.33232
     -2.22245     11.11225      0.00000   1     11.33232
      2.22245    -11.11225      0.00000   1     11.33232
     -2.22245    -11.11225      0.00000   1     11.33232
     11.11225      0.00000      2.22245   1     11.33232
    -11.11225      0.00000      2.22245   1     11.33232
      8.88980      6.66735      2.22245   1     11.33232
     -8.88980      6.66735      2.22245   1     11.33232
      6.66735      8.88980      2.22245   1     11.33232
     -6.66735      8.88980      2.22245   1     11.33232
      8.88980     -6.66735      2.22245   1     11.33232
     -8.88980     -6.66735      2.22245   1     11.33232
      6.66735     -8.88980      2.22245   1     11.33232
     -6.66735     -8.88980      2.22245   1     11.33232
      0.00000     11.11225      2.22245   1     11.33232
      0.00000    -11.11225      2.22245   1     11.33232
      8.88980      2.22245      6.66735   1     11.33232
     -8.88980      2.22245      6.66735   1     11.33232
      2.22245      8.88980      6.66735   1     11.33232
     -2.22245      8.88980      6.66735   1     11.33232
      8.88980     -2.22245      6.66735   1     11.33232
     -8.88980     -2.22245      6.66735   1     11.33232
      2.22245     -8.88980      6.66735   1     11.33232
     -2.22245     -8.88980      6.66735   1     11.33232
      6.66735      2.22245      8.88980   1     11.33232
     -6.66735      2.22245      8.88980   1     11.33232
      2.22245      6.66735      8.88980   1     11.33232
     -2.22245      6.66735      8.88980   1     11.33232
      6.66735     -2.22245      8.88980   1     11.33232
     -6.66735     -2.22245      8.88980   1     11.33232
      2.22245     -6.66735      8.88980   1     11.33232
     -2.22245     -6.66735      8.88980   1     11.33232
     11.11225      0.00000     -2.22245   1     11.33232
    -11.11225      0.00000     -2.22245   1     11.33232
      8.88980      6.66735     -2.22245   1     11.33232
     -8.88980      6.66735     -2.22245   1     11.33232
      6.66735      8.88980     -2.22245   1     11.33232
     -6.66735      8.88980     -2.22245   1     11.33232
      8.88980     -6.66735     -2.22245   1     11.33232
     -8.88980     -6.66735     -2.22245   1     11.33232
      6.66735     -8.88980     -2.22245   1     11.33232
     -6.66735     -8.88980     -2.22245   1     11.33232
      0.00000     11.11225     -2.22245   1     11.33232
      0.00000    -11.11225     -2.22245   1     11.33232
      8.88980      2.22245     -6.66735   1     11.33232
     -8.88980      2.22245     -6.66735   1     11.33232
      2.22245      8.88980     -6.66735   1     11.33232
     -2.22245      8.88980     -6.66735   1     11.33232
      8.88980     -2.22245     -6.66735   1     11.33232
     -8.88980     -2.22245     -6.66735   1     11.33232
      2.22245     -8.88980     -6.66735   1     11.33232
     -2.22245     -8.88980     -6.66735   1     11.33232
      6.66735      2.22245     -8.88980   1     11.33232
     -6.66735      2.22245     -8.88980   1     11.33232
      2.22245      6.66735     -8.88980   1     11.33232
     -2.22245      6.66735     -8.88980   1     11.33232
      6.66735     -2.22245     -8.88980   1     11.33232
     -6.66735     -2.22245     -8.88980   1     11.33232
      2.22245     -6.66735     -8.88980   1     11.33232
     -2.22245     -6.66735     -8.88980   1     11.33232
      2.22245      0.00000     11.11225   1     11.33232
     -2.22245      0.00000     11.11225   1     11.33232
      0.00000      2.22245     11.11225   1     11.33232
      0.00000     -2.22245     11.11225   1     11.33232
      2.22245      0.00000    -11.11225   1     11.33232
     -2.22245      0.00000    -11.11225   1     11.33232
      0.00000      2.22245    -11.11225   1     11.33232
      0.00000     -2.22245    -11.11225   1     11.33232
     11.11225      2.22245      2.22245   2     11.54819
    -11.11225      2.22245      2.22245   2     11.54819
     11.11225     -2.22245      2.22245   2     11.54819
    -11.11225     -2.22245      2.22245   2     11.54819
      2.22245     11.11225      2.22245   2     11.54819
     -2.22245     11.11225      2.22245   2     11.54819
      2.22245    -11.11225      2.22245   2     11.54819
     -2.22245    -11.11225      2.22245   2     11.54819
      6.66735      6.66735      6.66735   2     11.54819
     -6.66735      6.66735      6.66735   2     11.54819
      6.66735     -6.66735      6.66735   2     11.54819
     -6.66735     -6.66735      6.66735   2     11.54819
     11.11225      2.22245     -2.22245   2     11.54819
    -11.11225      2.22245     -2.22245   2     11.54819
     11.11225     -2.22245     -2.22245   2     11.54819
    -11.11225     -2.22245     -2.22245   2     11.54819
      2.22245     11.11225     -2.22245   2     11.54819
     -2.22245     11.11225     -2.22245   2     11.54819
      2.22245    -11.11225     -2.22245   2     11.54819
     -2.22245    -11.11225     -2.22245   2     11.54819
      6.66735      6.66735     -6.66735   2     11.54819
     -6.66735      6.66735     -6.66735   2     11.54819
      6.66735     -6.66735     -6.66735   2     11.54819
     -6.66735     -6.66735     -6.66735   2     11.54819
      2.22245      2.22245     11.11225   2     11.54819
     -2.22245      2.22245     11.11225   2     11.54819
      2.22245     -2.22245     11.11225   2     11.54819
     -2.22245     -2.22245     11.11225   2     11.54819
      2.22245      2.22245    -11.11225   2     11.54819
     -2.22245      2.22245    -11.11225   2     11.54819
      2.22245     -2.22245    -11.11225   2     11.54819
     -2.22245     -2.22245    -11.11225   2     11.54819
     11.11225      4.44490      0.00000   2     11.96826
    -11.11225      4.44490      0.00000   2     11.96826
     11.11225     -4.44490      0.00000   2     11.96826
    -11.11225     -4.44490      0.00000   2     11.96826
      4.44490     11.11225      0.00000   2     11.96826
     -4.44490     11.11225      0.00000   2     11.96826
      4.44490    -11.11225      0.00000   2     11.96826
     -4.44490    -11.11225      0.00000   2     11.96826
     11.11225      0.00000      4.44490   2     11.96826
    -11.11225      0.00000      4.44490   2     11.96826
      8.88980      6.66735      4.44490   2     11.96826
     -8.88980      6.66735      4.44490   2     11.96826
      6.66735      8.88980      4.44490   2     11.96826
     -6.66735      8.88980      4.44490   2     11.96826
      8.88980     -6.66735      4.44490   2     11.96826
     -8.88980     -6.66735      4.44490   2     11.96826
      6.66735     -8.88980      4.44490   2     11.96826
     -6.66735     -8.88980      4.44490   2     11.96826
      0.00000     11.11225      4.44490   2     11.96826
      0.00000    -11.11225      4.44490   2     11.96826
      8.88980      4.44490      6.66735   2     11.96826
     -8.88980      4.44490      6.66735   2     11.96826
      4.44490      8.88980      6.66735   2     11.96826
     -4.44490      8.88980      6.66735   2     11.96826
      8.88980     -4.44490      6.66735   2     11.96826
     -8.88980     -4.44490      6.66735   2     11.96826
      4.44490     -8.88980      6.66735   2     11.96826
     -4.44490     -8.88980      6.66735   2     11.96826
      6.66735      4.44490      8.88980   2     11.96826
     -6.66735      4.44490      8.88980   2     11.96826
      4.44490      6.66735      8.88980   2     11.96826
     -4.44490      6.66735      8.88980   2     11.96826
      6.66735     -4.44490      8.88980   2     11.96826
     -6.66735     -4.44490      8.88980   2     11.96826
      4.44490     -6.66735      8.88980   2     11.96826
     -4.44490     -6.66735      8.88980   2     11.96826
     11.11225      0.00000     -4.44490   2     11.96826
    -11.11225      0.00000     -4.44490   2     11.96826
      8.88980      6.66735     -4.44490   2     11.96826
     -8.88980      6.66735     -4.44490   2     11.96826
      6.66735      8.88980     -4.44490   2     11.96826
     -6.66735      8.88980     -4.44490   2     11.96826
      8.88980     -6.66735     -4.44490   2     11.96826
     -8.88980     -6.66735     -4.44490   2     11.96826
      6.66735     -8.88980     -4.44490   2     11.96826
     -6.66735     -8.88980     -4.44490   2     11.96826
      0.00000     11.11225     -4.44490   2     11.96826
      0.00000    -11.11225     -4.44490   2     11.96826
      8.88980      4.44490     -6.66735   2     11.96826
     -8.88980      4.44490     -6.66735   2     11.96826
      4.44490      8.88980     -6.66735   2     11.96826
     -4.44490      8.88980     -6.66735   2     11.96826
      8.88980     -4.44490     -6.66735   2     11.96826
     -8.88980     -4.44490     -6.66735   2     11.96826
      4.44490     -8.88980     -6.66735   2     11.96826
     -4.44490     -8.88980     -6.66735   2     11.96826
      6.66735      4.44490     -8.88980   2     11.96826
     -6.66735      4.44490     -8.88980   2     11.96826
      4.44490      6.66735     -8.88980   2     11.96826
     -4.44490      6.66735     -8.88980   2     11.96826
      6.66735     -4.44490     -8.88980   2     11.96826
     -6.66735     -4.44490     -8.88980   2     11.96826
      4.44490     -6.66735     -8.88980   2     11.96826
     -4.44490     -6.66735     -8.88980   2     11.96826
      4.44490      0.00000     11.11225   2     11.96826
     -4.44490      0.00000     11.11225   2     11.96826
      0.00000      4.44490     11.11225   2     11.96826
      0.00000     -4.44490     11.11225   2     11.96826
      4.44490      0.00000    -11.11225   2     11.96826
     -4.44490      0.00000    -11.11225   2     11.96826
      0.00000      4.44490    -11.11225   2     11.96826
      0.00000     -4.44490    -11.11225   2     11.96826
