   1.5073304634542688E-004   2.0307175774782280E-006  -4.3856242545512085E-006  -5.1683445737036920E-006  -330.42764342961783     
   1.5846129489165505E-004  -1.1643281618125460E-006  -2.6397586114003209E-006  -4.8612319975439850E-006  -344.45460163982381     
   1.6658577921391449E-004   2.2892118987958457E-006  -4.3316447730157233E-006  -5.0006396759856152E-006  -253.24320484324522     
   1.7512681475486631E-004  -1.0728310690305534E-006  -2.4806459131186350E-006  -4.6704959978140903E-006  -267.64157364400995     
   1.8410575855218897E-004   2.6507630978151760E-006  -4.2787501055714730E-006  -4.8351979248530244E-006  -190.24680146256756     
   1.9354506264229938E-004  -8.9364549162129545E-007  -2.3163149525106145E-006  -4.4781225285345396E-006  -204.83648672018936     
   2.0346833020213646E-004   3.0084834340001227E-006  -4.2265828824425890E-006  -4.6683374512606365E-006  -141.84018880113609     
   2.1390037456939866E-004  -7.1506616551961884E-007  -2.1458985989311394E-006  -4.2816314452871122E-006  -155.79562906129971     
   2.2486728128881411E-004   3.5025178023197760E-006  -4.1755343561953595E-006  -4.5002193691474684E-006  -102.03708616080715     
   2.3639647333958716E-004  -4.1660165441930484E-007  -1.9690884716111145E-006  -4.0802126219749801E-006  -115.45760654611981     
   2.4851677970713350E-004   4.0046836835626232E-006  -4.1260297331629710E-006  -4.3298961466911950E-006  -71.858304577005427     
   2.6125850747055727E-004  -1.0356496248811365E-007  -1.7851630722159622E-006  -3.8736179169910682E-006  -84.230178815960215     
   2.7465351758613609E-004   4.6888885314133912E-006  -4.0792440272101916E-006  -4.1578295175741584E-006  -46.870708055658653     
   2.8873530455630913E-004   3.7443894281006227E-007  -1.5940981319083359E-006  -3.6620444761446231E-006  -58.407795913907385     
   3.0353908018337597E-004   5.4019485180010858E-006  -4.0361758724848291E-006  -3.9851336803060046E-006  -28.298922766047291     
   3.1910186161734775E-004   8.9249481575420138E-007  -1.3950574164654752E-006  -3.4460092895013383E-006  -38.663342993962864     
   3.3546256391809968E-004   6.3603875402780430E-006  -3.9987772000934955E-006  -3.8129644360299154E-006  -12.797249766095334     
   3.5266209736329235E-004   1.6388900449516991E-006  -1.1881706840281798E-006  -3.2261268158974567E-006  -22.229313169564055     
   3.7074346974537675E-004   7.3820109152160473E-006  -3.9684399892150414E-006  -3.6429281556778814E-006  -1.5909164730357976     
   3.8975189391347344E-004   2.4666112516045105E-006  -9.7233933404273424E-007  -3.0029678024573789E-006  -9.8666904496597159     
   4.0973490082904897E-004   8.7371066024604045E-006  -3.9478843462476543E-006  -3.4768395383515699E-006   7.8756103277910743     
   4.3074245841807571E-004   3.6120718369225095E-006  -7.4772473748890901E-007  -2.7773315465410935E-006  0.51631160973962154     
   4.5282709651687429E-004   1.0210433712819262E-005  -3.9387595574071628E-006  -3.3167967527171000E-006   14.455403786544585     
   4.7604403822406645E-004   4.9037830793535453E-006  -5.1280395923336525E-007  -2.5498423722789784E-006   8.1585191001485313     
   5.0045133798708413E-004   1.2140437456125839E-005  -3.9445398664436992E-006  -3.1651747814705273E-006   20.119532345719740     
   5.2611002676852998E-004   6.6397910550082287E-006  -2.6778147407959625E-007  -2.3209950022499973E-006   14.658567395825834     
   5.5308426465537186E-004   1.4274859901608533E-005  -3.9669904844148802E-006  -3.0243356572935554E-006   23.835015516083498     
   5.8144150129257964E-004   8.6222916055773889E-006  -1.0413556637951739E-008  -2.0910210108603599E-006   19.303075715344125     
   6.1125264454237212E-004   1.7038859314378967E-005  -4.0104090007491526E-006  -2.8969177731666014E-006   27.133954279157763     
   6.4259223779080342E-004   1.1228461484848595E-005   2.5902891750167236E-007  -1.8599376732893832E-006   23.323379760055118     
   6.7553864634506064E-004   2.0139558164033613E-005  -4.0764011224814960E-006  -2.7856666646725743E-006   29.107672876975005     
   7.1017425338754689E-004   1.4233347090713395E-005   5.4376910837781306E-007  -1.6273791428799840E-006   26.075709338091141     
   7.4658566597675055E-004   2.4112955339488784E-005  -4.1702173903266931E-006  -2.6935451083694667E-006   30.954509149800565     
   7.8486393161000324E-004   1.8116140137376534E-005   8.4360305286654638E-007  -1.3926095694818418E-006   28.516168987156473     
   8.2510476588964468E-004   2.8623092862963047E-005  -4.2932283440951440E-006  -2.6236597710543404E-006   31.889035552061440     
   8.6740879186188928E-004   2.2625752674627680E-005   1.1630832360228433E-006  -1.1543655644585662E-006   30.078801530304649     
   9.1188179162685057E-004   3.4348002024954603E-005  -4.4517788615924341E-006  -2.5793561425473245E-006   32.854004251844039     
   9.5863497084889215E-004   2.8373246595917627E-005   1.5015531515359331E-006  -9.1079255788674082E-007   31.510562867885611     
   1.0077852368287135E-003   4.0907919457793675E-005  -4.6463817434632758E-006  -2.5642076920991362E-006   33.179885675440147     
   1.0594554908324924E-003   3.5085022617735735E-005   1.8655455903835913E-006  -6.5958280182057183E-007   32.323410278605309     
   1.1137749354090728E-003   4.9162979525664662E-005  -4.8850632650519901E-006  -2.5822387810368201E-006   33.611444615490804     
   1.1708793974636322E-003   4.3542718278698175E-005   2.2540139496168700E-006  -3.9758150108016736E-007   33.104653418085185     
   1.2309116678956896E-003   5.8691928427713606E-005  -5.1669989215015067E-006  -2.6377411389347069E-006   33.584262543378919     
   1.2940218586507430E-003   5.3457738522646866E-005   2.6761813711768945E-006  -1.2083550876130667E-007   33.439613664531421     
   1.3603677780783068E-003   7.0588474664277172E-005  -5.5026218416138841E-006  -2.7357492065468588E-006   33.689143139075213     
   1.4301153255349970E-003   6.5832099014649184E-005   3.1302150482903685E-006   1.7543003263633576E-007   33.792288937774657     
   1.5034389062193320E-003   8.4396053915623942E-005  -5.8891987022237074E-006  -2.8817581145987722E-006   33.454492968863811     
   1.5805218672755657E-003   8.0375055478322716E-005   3.6290813448910979E-006   4.9716808319191186E-007   33.814366764623138     
   1.6615569562570659E-003   1.0150699299324252E-004  -6.3403375877378446E-006  -3.0823359736573171E-006   33.350666655783321     
   1.7467468030955748E-003   9.8371610662572657E-005   4.1698028228959141E-006   8.5132163553568527E-007   33.873712825510196     
   1.8363044267815996E-003   1.2144000250988377E-004  -6.8502756619497848E-006  -3.3448924146613360E-006   32.986541765769822     
   1.9304537680228399E-003   1.1954746186876509E-004   4.7708893551587432E-006   1.2464095207438163E-006   33.680517746273694     
   2.0294302492125955E-003   1.4596708679349377E-004  -7.4368315241451731E-006  -3.6784970611274817E-006   32.737596709215779     
   2.1334813631083945E-003   1.4554896299905529E-004   5.4275477017432192E-006   1.6921267723004921E-006   33.527270499988447     
   2.2428672916927758E-003   1.7459752253708272E-004  -8.0893667803196933E-006  -4.0933069872458059E-006   32.281600829576902     
   2.3578615567637876E-003   1.7614152460653117E-004   6.1666122317831349E-006   2.2004864549779916E-006   33.174526212232962     
   2.4787517038819479E-003   2.0957988871511603E-004  -8.8312695568274230E-006  -4.6022382277275950E-006   31.918662942667972     
   2.6058400213839102E-003   2.1342567232311227E-004   6.9808786231432515E-006   2.7855440185256873E-006   32.855323655670063     
   2.7394442962607869E-003   2.5043170693392569E-004  -9.6432514629147481E-006  -5.2181508056359621E-006   31.385190321519890     
   2.8798986087911226E-003   2.5723238468077983E-004   7.9102019211184065E-006   3.4628580979051287E-006   32.372955757253983     
   3.0275541679156293E-003   2.9998703714007567E-004  -1.0555438612410375E-005  -5.9605066045502264E-006   30.920699887741982     
   3.1827801894424670E-003   3.1021831930935773E-004   8.9451645940345823E-006   4.2514528258364393E-006   31.912981565420228     
   3.3459648192790685E-003   3.5778494443454607E-004  -1.1533386541943002E-005  -6.8489628950790542E-006   30.310693203594585     
   3.5175161039991141E-003   3.7230062977117829E-004   1.0146091559038941E-005   5.1750165600189155E-006   31.315294018480994     
   3.6978630111714683E-003   4.2735676038017575E-004  -1.2614027125657951E-005  -7.9088094387813923E-006   29.746446666548422     
   3.8874565020025746E-003   4.4678975335741438E-004   1.1503206870497398E-005   6.2588004955348673E-006   30.727184133083973     
   4.0867706589743525E-003   5.0825422437612519E-004  -1.3736359364631238E-005  -9.1679236789824613E-006   29.054493928350663     
   4.2963038712973290E-003   5.3368348695314650E-004   1.3111161396927682E-005   7.5357028546211429E-006   30.019163287368723     
   4.5165800811433031E-003   6.0479879482518660E-004  -1.4940261653433157E-005  -1.0662196379661939E-005   28.387169816611628     
   4.7481500937736308E-003   6.3701388094979225E-004   1.4966047980915694E-005   9.0405434825161167E-006   29.307947250382615     
   4.9915929548393252E-003   7.1649046841442212E-004  -1.6116943946358273E-005  -1.2429913338835368E-005   27.605126617822137     
   5.2475173982967794E-003   7.5679012965492094E-004   1.7222171914659438E-005   1.0819427557551046E-005   28.489732089087870     
   5.5165633685597100E-003   8.4847169846471874E-004  -1.7297803008094169E-005  -1.4521853637018347E-005   26.829496377104665     
   5.7994036206935832E-003   8.9775640354078639E-004   1.9896940165751068E-005   1.2919790560632504E-005   27.656867696894224     
   6.0967454026536255E-003   1.0000176423187171E-003  -1.8286259434200069E-005  -1.6989418799866608E-005   25.949406795288901     
   6.4093322237731599E-003   1.0597337929838444E-003   2.3251751006320952E-005   1.5406969512740389E-005   26.727065935346037     
   6.7379457139241945E-003   1.1769836217513101E-003  -1.9076533422943655E-005  -1.9905414224481772E-005   25.060994395781059     
   7.0834075779992126E-003   1.2480073904516781E-003   2.7362444742378253E-005   1.8344981200601786E-005   25.773472172601871     
   7.4465816506014745E-003   1.3780516382722687E-003  -1.9307463967614779E-005  -2.3337497715619512E-005   24.077421600689178     
   7.8283760560813945E-003   1.4617872104205896E-003   3.2686394527125913E-005   2.1826321777120646E-005   24.732075021251585     
   8.2297454793205001E-003   1.6094278710856828E-003  -1.8870246462627505E-005  -2.7388180189331113E-005   23.075024767051779     
   8.6516935529408878E-003   1.7064404176448706E-003   3.9440644263248885E-005   2.5939333383158889E-005   23.661139601566681     
   9.0952753669095530E-003   1.8685101576141302E-003  -1.7095662719538137E-005  -3.2144119485544481E-005   21.987441341860706     
   9.5616001068128485E-003   1.9797903226766804E-003   4.8443477721866633E-005   3.0816140177948497E-005   22.512494621710363     
   1.0051833827398250E-002   2.1610999607421942E-003  -1.3630752327578548E-005  -3.7746523234281031E-005   20.875796912395099     
   1.0567202368318563E-002   2.2863796256748286E-003   6.0224112974373100E-005   3.6577966604374388E-005   21.333108750146557     
   1.1108994419369571E-002   2.4821441336322437E-003  -7.2310762833984000E-006  -4.4302251027892988E-005   19.691318657389139     
   1.1678564742885790E-002   2.6213685733450509E-003   7.6270909450892687E-005   4.3419377661515720E-005   20.088879308690696     
   1.2277337561351921E-002   2.8357311390953704E-003   2.9845149941706305E-006  -5.2001210156571350E-005   18.483860382499387     
   1.2906810118700974E-002   2.9870000429445000E-003   9.7762343664946995E-005   5.1509980646932267E-005   18.818756355488357     
   1.3568556424203930E-002   3.2126202628317527E-003   1.9326253074909706E-005  -6.0954594658806727E-005   17.220170857514209     
   1.4264231188312809E-002   3.3738936090821660E-003   1.2741799625115780E-004   6.1153690892408241E-005   17.501186452616572     
   1.4995573960298693E-002   3.6132543270694221E-003   4.3744474302112315E-005  -7.1401230251029102E-005   15.942092052167206     
   1.5764413478030960E-002   3.7799275518614448E-003   1.6769717733681829E-004   7.2607496572267766E-005   16.169888252988414     
   1.6572672240774574E-002   4.0219798655138804E-003   8.0479207120281348E-005  -8.3403978194731529E-005   14.630200379129144     
   1.7422371316439582E-002   4.1889021406467273E-003   2.2352886943218596E-004   8.6378448335389584E-005   14.814673875559974     
   1.8315635395303648E-002   4.4332931447294086E-003   1.3351910987186176E-004  -9.7210686443913660E-005   13.321008504993465     
   1.9254698102844373E-002   4.5920369634237521E-003   2.9976433918037535E-004   1.0292013297202405E-004   13.466148290345478     
   2.0241907584966551E-002   4.8229436416580580E-003   2.1048146147027556E-004  -1.1267350795432686E-004   12.007220929785715     
   2.1279732379589938E-002   4.9643314128778844E-003   4.0515492915045825E-004   1.2318504681523720E-004   12.124178716572830     
   2.2370767589279892E-002   5.1776922521918518E-003   3.1899859360556452E-004  -1.2985598508321575E-004   10.721888580243471     
   2.3517741370355512E-002   5.2889378513214600E-003   5.4873295712857433E-004   1.4813206308019372E-004   10.817475576167791     
   2.4723521754701414E-002   5.4639888573289244E-003   4.7229886669599000E-004  -1.4793455522178387E-004   9.4678207027668879     
   2.5991123821341430E-002   5.5320748532993215E-003   7.4549015349236717E-004   1.7979396647403761E-004   9.5541222043322467     
   2.7323717235706597E-002   5.6615088475398855E-003   6.8401857280714590E-004  -1.6615747676295420E-004   8.2752127963719975     
   2.8724634175449733E-002   5.6705974654610719E-003   1.0111614211915714E-003   2.2053318021803491E-004   8.3609898432840382     
   3.0197377662625272E-002   5.7308226464714718E-003   9.7598716161256544E-004  -1.8171072213678686E-004   7.1541726644987982     
   3.1745630323068923E-002   5.6669103362487951E-003   1.3700674230787181E-003   2.7516100596530074E-004   7.2515594508522563     
   3.3373263594880617E-002   5.6507990354057883E-003   1.3706289487353347E-003  -1.9112471205320390E-004   6.1311719206201083     
   3.5084347409036189E-002   5.4999048019230131E-003   1.8474009907415575E-003   3.4999269277671136E-004   6.2494083711631232     
   3.6883160366334787E-002   5.3873143310333386E-003   1.9014176041265427E-003  -1.8602540108896096E-004   5.2197322052633401     
   3.8774200436129516E-002   5.1417695419607801E-003   2.4794811082193211E-003   4.5715423665940874E-004   5.3694000184693262     
   4.0762196203593573E-002   4.9338363572011745E-003   2.6013490865910219E-003  -1.5487636157982785E-004   4.4401892718530718     
   4.2852118693646413E-002   4.5915535184597386E-003   3.3020073300925623E-003   6.1384373808429701E-004   4.6288830185928003     
   4.5049193801105177E-002   4.2831957997991740E-003   3.5161430724064964E-003  -7.4380231304932716E-005   3.8044888795573710     
   4.7358915358143815E-002   3.8552867550886391E-003   4.3625462847727958E-003   8.5124765259770132E-004   4.0391680521931503     
   4.9787058871735207E-002   3.4685822663980200E-003   4.6864222262940373E-003   8.9219937711586603E-005   3.3233844081645469     
   5.2339695965426716E-002   2.9790408981746393E-003   5.7022412594457039E-003   1.2154130113297341E-003   3.6077062003782618     
   5.5023209561561898E-002   2.5388375286140995E-003   6.1631125742425677E-003   3.9767578769647391E-004   3.0021343514521401     
   5.7844309841910892E-002   2.0315329448420999E-003   7.3696629013845390E-003   1.7857488842526489E-003   3.3375100484835696     
   6.0810051026620092E-002   1.5929300105789336E-003   7.9800028466181210E-003   9.4222297987283017E-004   2.8388470878815077     
   6.3927849013436913E-002   1.1291526090062825E-003   9.3926847991385870E-003   2.6810317236509165E-003   3.2233746184986956     
   6.7205499921316733E-002   7.5583036097434696E-004   1.0170407624373129E-002   1.8788987182948849E-003   2.8286855846659527     
   7.0651199584781429E-002   4.1622936936900695E-004   1.1792671692349524E-002   4.0970137037662120E-003   3.2575389926381382     
   7.4273564047774465E-002   1.9416238547136306E-004   1.2726928873899942E-002   3.4381008212290148E-003   2.9567299979945134     
   7.8081651108258682E-002   6.9562215399611785E-005   1.4544064827958149E-002   6.3247151671891703E-003   3.4227135633376684     
   8.2084982967429360E-002   8.6457006264759777E-005   1.5619833549705654E-002   5.9931520103940631E-003   3.2087708669825026     
   8.6293570040176709E-002   2.6903913553959880E-004   1.7589965125635702E-002   9.8232746945506946E-003   3.7025592722493283     
   9.0717935986337761E-002   6.0584520357137843E-004   1.8744349216305661E-002   1.0086652141499688E-002   3.5613860201903509     
   9.5369144025327257E-002   1.1698186078849000E-003   2.0791834730942597E-002   1.5261368184670703E-002   4.0735358608218375     
  0.10025882459994871        1.8822266152933188E-003   2.1947003651496027E-002   1.6554964146859641E-002   3.9973438760393094     
  0.10539920445855964        2.8627827746662534E-003   2.3954603937998264E-002   2.3646671125266652E-002   4.5184188981210722     
  0.11080313722831070        3.9490983121034584E-003   2.4970025838535800E-002   2.6578599237943177E-002   4.4942419325754983     
  0.11648413555590921        5.3186421920439321E-003   2.6779951103645585E-002   3.6398240176210496E-002   5.0176449923673179     
  0.12245640489627406        6.7150595768856224E-003   2.7502895867981849E-002   4.1884327260197571E-002   5.0418063270389490     
  0.12873487903357234        8.3623086588729186E-003   2.8920697970959613E-002   5.5547031196695039E-002   5.5632016131601505     
  0.13533525742345850        9.9028984336391943E-003   2.9147416907203790E-002   6.4806738231484556E-002   5.6288361090193133     
  0.14227404444989064        1.1627997311466085E-002   2.9964372593873339E-002   8.3820615685829131E-002   6.1485418430818264     
  0.14956859069468770        1.3081531679618442E-002   2.9520191381075516E-002   9.8561465084134686E-002   6.2588425491150774     
  0.15723713632302108        1.4604953631778064E-002   2.9542218070006867E-002  0.12488825138150436        6.7795343835663271     
  0.16529885669332869        1.5659995311371289E-002   2.8265709884040143E-002  0.14724364401961335        6.9340923308986380     
  0.17377391030569905        1.6669527013911303E-002   2.7365820776595360E-002  0.18336471709070717        7.4613985106637699     
  0.18268348920862110        1.7040142482524244E-002   2.5218670115186720E-002  0.21608552505575593        7.6664898486904667     
  0.19204987199014462        1.7253355595185288E-002   2.3388539012976450E-002  0.26497720466788111        8.2045000716573870     
  0.20189647948595435        1.6707788136998858E-002   2.0457241299650625E-002  0.31119577739083254        8.4585722439492237     
  0.21224793334365866        1.5972220701109267E-002   1.7869853460546373E-002  0.37626494106557751        9.0086743322319958     
  0.22313011758973345        1.4484522292649951E-002   1.4468639895239404E-002  0.43958347978506401        9.3097788757395428     
  0.23457024335307022        1.2858241652610534E-002   1.1510430560564800E-002  0.52440391327996450        9.8652750376475566     
  0.24659691690697286        1.0631230703576973E-002   8.1532904450059441E-003  0.60830111517372898        10.197957328149894     
  0.25924021119974061        8.4547815795847740E-003   5.4318643872791981E-003  0.71626299547572847        10.743459842453849     
  0.27253174105270328        6.0041935989627471E-003   2.8463292413654718E-003  0.82394598983326028        11.086038765629869     
  0.28650474221374228        3.8824480943606102E-003   1.1253422955943791E-003  0.95759715324100247        11.594528585220827     
  0.30119415446397091        1.9373359258147182E-003   1.2521321883242592E-004   1.0909170099850498        11.911091817952018     
  0.31663670898538815        6.5044668544826537E-004   2.0221876912455809E-004   1.2512900236713003        12.347449188359974     
  0.33287102020796505        3.5611956954061344E-005   1.5427992950870556E-003   1.4104147542505163        12.598328810500766     
  0.34993768236583300        3.3096333273981409E-004   4.0515400705758760E-003   1.5960969703200123        12.921853760372231     
  0.36787937100401435        1.7059561271883716E-003   8.2088384154875536E-003   1.7781484846390205        13.062582016619311     
  0.38674094968951223        4.0457616992060101E-003   1.3401149397334050E-002   1.9846766549016974        13.235382342399314     
  0.40656958219359818        7.6415441565354783E-003   2.0343886452293191E-002   2.1837528219555953        13.229975486347920     
  0.42741485042580590        1.1955359584865058E-002   2.7898380657500783E-002   2.4030032365249565        13.222797909885720     
  0.44932887841453123        1.7388060428148298E-002   3.6968856058556890E-002   2.6091985668304667        13.045763804824348     
  0.47236646264425380        2.2943580934228811E-002   4.5902742957082916E-002   2.8295668233869495        12.845922487350030     
  0.49658520907528836        2.9141880442149250E-002   5.5762452368124348E-002   3.0300820269904389        12.492309544459966     
  0.52204567718869588        3.4630651171271759E-002   6.4523079631903513E-002   3.2369267469992717        12.106406781868740     
  0.54881153141652461        4.0088900240389212E-002   7.3401507544300762E-002   3.4162280104936031        11.590355010298284     
  0.57694970033605397        4.3926921633358512E-002   8.0135908027317362E-002   3.5936617400539994        11.046373072051102     
  0.60653054402610240        4.7050764773317849E-002   8.6124709903644014E-002   3.7364380401134865        10.403586625404062     
  0.63762803000386636        4.7897000838594744E-002   8.9142435333691886E-002   3.8693748041161626        9.7465374706530543     
  0.67031991818224934        4.7628939134215356E-002   9.0781551117937342E-002   3.9620518156144375        9.0259875426830050     
  0.70468795531014050        4.4878156695025831E-002   8.9027037440631160E-002   4.0391851014132714        8.3117476730330502     
  0.74081807938186928        4.1063293583032914E-002   8.5666205960408651E-002   4.0734766123463055        7.5695081454275792     
  0.77880063452695869        3.5226077695749231E-002   7.9130987404022066E-002   4.0889735534002689        6.8542235801804825     
  0.81873059691749817        2.8911179235292322E-002   7.1317406603858782E-002   4.0622664856673820        6.1415435106037055     
  0.86070781225805559        2.1590728902545930E-002   6.1146840703576309E-002   4.0170754210001283        5.4733497735531396     
  0.90483724545193578        1.4768275176965634E-002   5.0515822078006221E-002   3.9337617954076567        4.8306396674973753     
  0.95122924306811707        8.3573962365689012E-003   3.8893028065131556E-002   3.8346336949807993        4.2428553339054602     
  0.99999980926515564        3.5662559307362268E-003   2.7988275394898694E-002   3.7038299941814881        3.6941561806693097     
   1.0512708958619938        6.2889461756645800E-004   1.7717608269440913E-002   3.5622683177561258        3.2041579732218941     
   1.1051707072810442        2.7161736680256823E-004   9.4659820150724723E-003   3.3971204978641931        2.7585973602813576     
   1.1618340211260101        2.9440617977191117E-003   3.5323715047179895E-003   3.2268116898060728        2.3690489467033800     
   1.2214025251961040        8.7454064891412525E-003   8.3990943246587736E-004   3.0413218817723151        2.0228417701489176     
   1.2840251717793534        1.8252949146604445E-002   1.9649803750268037E-003   2.8567851242772955        1.7262414451921844     
   1.3498585501108922        3.0933664088535529E-002   7.3469771144302467E-003   2.6652206026972283        1.4680216589720434     
   1.4190672779276288        4.7408942747758705E-002   1.7773019440059691E-002   2.4797752132323096        1.2507331572711757     
   1.4918244130983194        6.6624655054744283E-002   3.3244569995296291E-002   2.2944602658147102        1.0650550345258816     
   1.5683118863583871        8.9290508695119647E-002   5.4773628027909527E-002   2.1199726118497906       0.91162827975788319     
   1.6487209562315333       0.11402621466150710        8.2086657989094397E-002   1.9517382463885049       0.78292153910785756     
   1.7332526872756489       0.14157714552973946       0.11642377624288158        1.7977637213816182       0.67844258381552136     
   1.8221184528489625       0.17054357093987177       0.15752323549685535        1.6551424420841223       0.59260982996668587     
   1.9155404636535147       0.20183125886391012       0.20705125077902894        1.5300603237496768       0.52464591405933070     
   2.0137523233776657       0.23426233011880743       0.26512479010687862        1.4211187140709682       0.47059017816350529     
   2.1169996128270059       0.26880702494254488       0.33396934496247438        1.3329948707862225       0.42956458328636898     
   2.2255405040042664       0.30486365937198029       0.41467299278278785        1.2667482805255579       0.39917696341169534     
   2.3396464056738120       0.34362903936724465       0.51054736703754966        1.2271914291371111       0.37880463154672633     
   2.4596026420249339       0.38537018636126019       0.62453014380639427        1.2191457258937763       0.36736881303808888     
   2.5857091661309148       0.43164055607065771       0.76193999997408957        1.2498700999258094       0.36464466791579331     
   2.7182813099879839       0.48418972198794225       0.92928926524862965        1.3311266306798932       0.37083688220885108     
   2.8576505730095247       0.54494900133214197        1.1347455022339958        1.4760527387321678       0.38600638547856486     
   3.0041654509472928       0.61648025571457488        1.3884694625089249        1.7047639287122540       0.41074626022108068     
   3.1581923073123357       0.70275795129040319        1.7049486097893747        2.0467812263357463       0.44640298295270897     
   3.3201162894745604       0.80987310058314588        2.1050133997942573        2.5456237960773676       0.49524438286468997     
   3.4903422917318205       -7.2928953654594079E-007  -1.3300189446370286E-006  -1.3261156758481090E-006   0.0000000000000000     
   3.6692959677565180        0.0000000000000000        0.0000000000000000        0.0000000000000000        0.0000000000000000     
   3.8574247949515148        0.0000000000000000        0.0000000000000000        0.0000000000000000        0.0000000000000000     
   4.0551991933767413        0.0000000000000000        0.0000000000000000        0.0000000000000000        0.0000000000000000     
   4.2631137020443308        0.0000000000000000        0.0000000000000000        0.0000000000000000        0.0000000000000000     
   4.4816882155237971        0.0000000000000000        0.0000000000000000        0.0000000000000000        0.0000000000000000     
   4.7114692839492127        0.0000000000000000        0.0000000000000000        0.0000000000000000        0.0000000000000000     
   4.9530314796792441        0.0000000000000000        0.0000000000000000        0.0000000000000000        0.0000000000000000     
   5.2069788340273639        0.0000000000000000        0.0000000000000000        0.0000000000000000        0.0000000000000000     
   5.4739463476546923        0.0000000000000000        0.0000000000000000        0.0000000000000000        0.0000000000000000     
   5.7546015784024842        0.0000000000000000        0.0000000000000000        0.0000000000000000        0.0000000000000000     
   6.0496463105343823        0.0000000000000000        0.0000000000000000        0.0000000000000000        0.0000000000000000     
   6.3598183095626428        0.0000000000000000        0.0000000000000000        0.0000000000000000        0.0000000000000000     
   6.6858931670462356        0.0000000000000000        0.0000000000000000        0.0000000000000000        0.0000000000000000     
   7.0286862399736565        0.0000000000000000        0.0000000000000000        0.0000000000000000        0.0000000000000000     
   7.3890546895801847        0.0000000000000000        0.0000000000000000        0.0000000000000000        0.0000000000000000     
   7.7678996246973684        0.0000000000000000        0.0000000000000000        0.0000000000000000        0.0000000000000000     
   8.1661683549945003        0.0000000000000000        0.0000000000000000        0.0000000000000000        0.0000000000000000     
   8.5848567597462662        0.0000000000000000        0.0000000000000000        0.0000000000000000        0.0000000000000000     
   9.0250117780495689        0.0000000000000000        0.0000000000000000        0.0000000000000000        0.0000000000000000     
   9.4877340267167067        0.0000000000000000        0.0000000000000000        0.0000000000000000        0.0000000000000000     
   9.9741805523905889        0.0000000000000000        0.0000000000000000        0.0000000000000000        0.0000000000000000     
   10.485567724764062        0.0000000000000000        0.0000000000000000        0.0000000000000000        0.0000000000000000     
   11.023174278137773        0.0000000000000000        0.0000000000000000        0.0000000000000000        0.0000000000000000     
   11.588344508921873        0.0000000000000000        0.0000000000000000        0.0000000000000000        0.0000000000000000     
   12.182491637077383        0.0000000000000000        0.0000000000000000        0.0000000000000000        0.0000000000000000     
   12.807101339902093        0.0000000000000000        0.0000000000000000        0.0000000000000000        0.0000000000000000     
   13.463735466997706        0.0000000000000000        0.0000000000000000        0.0000000000000000        0.0000000000000000     
   14.154035945707449        0.0000000000000000        0.0000000000000000        0.0000000000000000        0.0000000000000000     
   14.879728886789509        0.0000000000000000        0.0000000000000000        0.0000000000000000        0.0000000000000000     
   15.642628900593213        0.0000000000000000        0.0000000000000000        0.0000000000000000        0.0000000000000000     
   16.444643634529918        0.0000000000000000        0.0000000000000000        0.0000000000000000        0.0000000000000000     
   17.287778543185254        0.0000000000000000        0.0000000000000000        0.0000000000000000        0.0000000000000000     
   18.174141903000280        0.0000000000000000        0.0000000000000000        0.0000000000000000        0.0000000000000000     
   19.105950084060524        0.0000000000000000        0.0000000000000000        0.0000000000000000        0.0000000000000000     
   20.085533092175908        0.0000000000000000        0.0000000000000000        0.0000000000000000        0.0000000000000000     
   21.115340395108696        0.0000000000000000        0.0000000000000000        0.0000000000000000        0.0000000000000000     
   22.197947047518841        0.0000000000000000        0.0000000000000000        0.0000000000000000        0.0000000000000000     
   23.336060129942076        0.0000000000000000        0.0000000000000000        0.0000000000000000        0.0000000000000000     
   24.532525517901004        0.0000000000000000        0.0000000000000000        0.0000000000000000        0.0000000000000000     
   25.790334998076592        0.0000000000000000        0.0000000000000000        0.0000000000000000        0.0000000000000000     
   27.112633749332943        0.0000000000000000        0.0000000000000000        0.0000000000000000        0.0000000000000000     
   28.502728207302802        0.0000000000000000        0.0000000000000000        0.0000000000000000        0.0000000000000000     
   29.964094332199064        0.0000000000000000        0.0000000000000000        0.0000000000000000        0.0000000000000000     
   31.500386300525484        0.0000000000000000        0.0000000000000000        0.0000000000000000        0.0000000000000000     
   33.115445642421740        0.0000000000000000        0.0000000000000000        0.0000000000000000        0.0000000000000000     
   34.813310847489355        0.0000000000000000        0.0000000000000000        0.0000000000000000        0.0000000000000000     
   36.598227463119422        0.0000000000000000        0.0000000000000000        0.0000000000000000        0.0000000000000000     
   38.474658710572697        0.0000000000000000        0.0000000000000000        0.0000000000000000        0.0000000000000000     
   40.447296645357056        0.0000000000000000        0.0000000000000000        0.0000000000000000        0.0000000000000000     
