# Once
#  POT  SCF 100  3.0000   0, NO core-hole, AFOLP (folp(0)= 1.150)
    2 190 191  Unique potential, I_mt, I_norman.    Following data in atomic units.
  iph            2
   i      r         vcoul        rho     ovrlp vcoul  ovrlp vtot  ovrlp rho
    1  1.5073E-04 -5.3052E+04  3.1840E+02 -5.3052E+04 -5.3059E+04  2.9893E+02
    2  1.5846E-04 -5.0463E+04  3.1830E+02 -5.0463E+04 -5.0471E+04  5.1559E+02
    3  1.6659E-04 -4.8001E+04  3.1821E+02 -4.8001E+04 -4.8008E+04  2.8542E+02
    4  1.7513E-04 -4.5659E+04  3.1811E+02 -4.5659E+04 -4.5667E+04  4.7896E+02
    5  1.8411E-04 -4.3431E+04  3.1801E+02 -4.3431E+04 -4.3438E+04  2.7878E+02
    6  1.9355E-04 -4.1312E+04  3.1791E+02 -4.1312E+04 -4.1320E+04  4.5000E+02
    7  2.0347E-04 -3.9296E+04  3.1780E+02 -3.9296E+04 -3.9303E+04  2.7582E+02
    8  2.1390E-04 -3.7378E+04  3.1770E+02 -3.7378E+04 -3.7386E+04  4.2702E+02
    9  2.2487E-04 -3.5554E+04  3.1759E+02 -3.5554E+04 -3.5561E+04  2.7569E+02
   10  2.3640E-04 -3.3819E+04  3.1747E+02 -3.3819E+04 -3.3827E+04  4.0832E+02
   11  2.4852E-04 -3.2169E+04  3.1736E+02 -3.2169E+04 -3.2175E+04  2.7680E+02
   12  2.6126E-04 -3.0599E+04  3.1724E+02 -3.0599E+04 -3.0606E+04  3.9318E+02
   13  2.7465E-04 -2.9105E+04  3.1712E+02 -2.9106E+04 -2.9112E+04  2.7906E+02
   14  2.8874E-04 -2.7685E+04  3.1699E+02 -2.7685E+04 -2.7692E+04  3.8062E+02
   15  3.0354E-04 -2.6333E+04  3.1686E+02 -2.6334E+04 -2.6340E+04  2.8155E+02
   16  3.1910E-04 -2.5048E+04  3.1673E+02 -2.5048E+04 -2.5055E+04  3.7031E+02
   17  3.3546E-04 -2.3825E+04  3.1659E+02 -2.3826E+04 -2.3832E+04  2.8445E+02
   18  3.5266E-04 -2.2662E+04  3.1645E+02 -2.2663E+04 -2.2670E+04  3.6162E+02
   19  3.7074E-04 -2.1556E+04  3.1631E+02 -2.1556E+04 -2.1563E+04  2.8715E+02
   20  3.8975E-04 -2.0504E+04  3.1616E+02 -2.0504E+04 -2.0511E+04  3.5440E+02
   21  4.0973E-04 -1.9503E+04  3.1600E+02 -1.9503E+04 -1.9509E+04  2.8994E+02
   22  4.3074E-04 -1.8550E+04  3.1584E+02 -1.8550E+04 -1.8558E+04  3.4823E+02
   23  4.5283E-04 -1.7645E+04  3.1568E+02 -1.7645E+04 -1.7651E+04  2.9238E+02
   24  4.7604E-04 -1.6783E+04  3.1550E+02 -1.6783E+04 -1.6790E+04  3.4305E+02
   25  5.0045E-04 -1.5963E+04  3.1533E+02 -1.5963E+04 -1.5970E+04  2.9474E+02
   26  5.2611E-04 -1.5184E+04  3.1514E+02 -1.5184E+04 -1.5191E+04  3.3855E+02
   27  5.5308E-04 -1.4442E+04  3.1496E+02 -1.4442E+04 -1.4449E+04  2.9672E+02
   28  5.8144E-04 -1.3737E+04  3.1476E+02 -1.3737E+04 -1.3744E+04  3.3473E+02
   29  6.1125E-04 -1.3066E+04  3.1455E+02 -1.3066E+04 -1.3073E+04  2.9857E+02
   30  6.4259E-04 -1.2427E+04  3.1434E+02 -1.2427E+04 -1.2434E+04  3.3135E+02
   31  6.7554E-04 -1.1820E+04  3.1412E+02 -1.1820E+04 -1.1827E+04  3.0006E+02
   32  7.1017E-04 -1.1243E+04  3.1390E+02 -1.1243E+04 -1.1250E+04  3.2844E+02
   33  7.4659E-04 -1.0693E+04  3.1366E+02 -1.0693E+04 -1.0700E+04  3.0140E+02
   34  7.8486E-04 -1.0171E+04  3.1342E+02 -1.0171E+04 -1.0178E+04  3.2582E+02
   35  8.2510E-04 -9.6735E+03  3.1316E+02 -9.6736E+03 -9.6804E+03  3.0241E+02
   36  8.6741E-04 -9.2006E+03  3.1289E+02 -9.2008E+03 -9.2077E+03  3.2351E+02
   37  9.1188E-04 -8.7508E+03  3.1262E+02 -8.7510E+03 -8.7577E+03  3.0329E+02
   38  9.5863E-04 -8.3229E+03  3.1233E+02 -8.3231E+03 -8.3300E+03  3.2139E+02
   39  1.0078E-03 -7.9159E+03  3.1203E+02 -7.9161E+03 -7.9229E+03  3.0387E+02
   40  1.0595E-03 -7.5288E+03  3.1172E+02 -7.5290E+03 -7.5358E+03  3.1947E+02
   41  1.1138E-03 -7.1605E+03  3.1140E+02 -7.1607E+03 -7.1675E+03  3.0433E+02
   42  1.1709E-03 -6.8102E+03  3.1106E+02 -6.8104E+03 -6.8172E+03  3.1767E+02
   43  1.2309E-03 -6.4770E+03  3.1071E+02 -6.4772E+03 -6.4839E+03  3.0454E+02
   44  1.2940E-03 -6.1600E+03  3.1034E+02 -6.1602E+03 -6.1670E+03  3.1599E+02
   45  1.3604E-03 -5.8585E+03  3.0996E+02 -5.8587E+03 -5.8654E+03  3.0462E+02
   46  1.4301E-03 -5.5717E+03  3.0956E+02 -5.5719E+03 -5.5787E+03  3.1436E+02
   47  1.5034E-03 -5.2989E+03  3.0915E+02 -5.2990E+03 -5.3058E+03  3.0449E+02
   48  1.5805E-03 -5.0393E+03  3.0871E+02 -5.0395E+03 -5.0464E+03  3.1281E+02
   49  1.6616E-03 -4.7925E+03  3.0826E+02 -4.7927E+03 -4.7994E+03  3.0423E+02
   50  1.7467E-03 -4.5577E+03  3.0779E+02 -4.5578E+03 -4.5647E+03  3.1126E+02
   51  1.8363E-03 -4.3343E+03  3.0730E+02 -4.3345E+03 -4.3412E+03  3.0378E+02
   52  1.9305E-03 -4.1218E+03  3.0678E+02 -4.1220E+03 -4.1288E+03  3.0973E+02
   53  2.0294E-03 -3.9197E+03  3.0624E+02 -3.9199E+03 -3.9267E+03  3.0320E+02
   54  2.1335E-03 -3.7275E+03  3.0568E+02 -3.7276E+03 -3.7344E+03  3.0817E+02
   55  2.2429E-03 -3.5446E+03  3.0510E+02 -3.5448E+03 -3.5515E+03  3.0243E+02
   56  2.3579E-03 -3.3706E+03  3.0448E+02 -3.3708E+03 -3.3776E+03  3.0659E+02
   57  2.4788E-03 -3.2052E+03  3.0384E+02 -3.2053E+03 -3.2121E+03  3.0154E+02
   58  2.6058E-03 -3.0478E+03  3.0318E+02 -3.0479E+03 -3.0547E+03  3.0493E+02
   59  2.7394E-03 -2.8980E+03  3.0248E+02 -2.8982E+03 -2.9049E+03  3.0046E+02
   60  2.8799E-03 -2.7556E+03  3.0175E+02 -2.7558E+03 -2.7625E+03  3.0322E+02
   61  3.0276E-03 -2.6201E+03  3.0098E+02 -2.6203E+03 -2.6270E+03  2.9923E+02
   62  3.1828E-03 -2.4913E+03  3.0019E+02 -2.4914E+03 -2.4982E+03  3.0141E+02
   63  3.3460E-03 -2.3687E+03  2.9935E+02 -2.3689E+03 -2.3756E+03  2.9781E+02
   64  3.5175E-03 -2.2521E+03  2.9848E+02 -2.2522E+03 -2.2590E+03  2.9949E+02
   65  3.6979E-03 -2.1411E+03  2.9757E+02 -2.1413E+03 -2.1480E+03  2.9623E+02
   66  3.8875E-03 -2.0356E+03  2.9662E+02 -2.0358E+03 -2.0425E+03  2.9744E+02
   67  4.0868E-03 -1.9353E+03  2.9563E+02 -1.9354E+03 -1.9421E+03  2.9444E+02
   68  4.2963E-03 -1.8398E+03  2.9459E+02 -1.8400E+03 -1.8467E+03  2.9526E+02
   69  4.5166E-03 -1.7490E+03  2.9350E+02 -1.7492E+03 -1.7559E+03  2.9246E+02
   70  4.7482E-03 -1.6626E+03  2.9237E+02 -1.6628E+03 -1.6695E+03  2.9290E+02
   71  4.9916E-03 -1.5804E+03  2.9118E+02 -1.5806E+03 -1.5873E+03  2.9026E+02
   72  5.2475E-03 -1.5023E+03  2.8995E+02 -1.5025E+03 -1.5091E+03  2.9036E+02
   73  5.5166E-03 -1.4279E+03  2.8865E+02 -1.4281E+03 -1.4347E+03  2.8784E+02
   74  5.7994E-03 -1.3572E+03  2.8730E+02 -1.3574E+03 -1.3640E+03  2.8762E+02
   75  6.0967E-03 -1.2899E+03  2.8589E+02 -1.2901E+03 -1.2967E+03  2.8516E+02
   76  6.4093E-03 -1.2259E+03  2.8442E+02 -1.2261E+03 -1.2327E+03  2.8465E+02
   77  6.7379E-03 -1.1651E+03  2.8288E+02 -1.1652E+03 -1.1718E+03  2.8223E+02
   78  7.0834E-03 -1.1072E+03  2.8128E+02 -1.1073E+03 -1.1139E+03  2.8143E+02
   79  7.4466E-03 -1.0521E+03  2.7960E+02 -1.0523E+03 -1.0588E+03  2.7902E+02
   80  7.8284E-03 -9.9968E+02  2.7786E+02 -9.9986E+02 -1.0064E+03  2.7795E+02
   81  8.2297E-03 -9.4985E+02  2.7603E+02 -9.5003E+02 -9.5658E+02  2.7551E+02
   82  8.6517E-03 -9.0244E+02  2.7413E+02 -9.0262E+02 -9.0917E+02  2.7418E+02
   83  9.0953E-03 -8.5735E+02  2.7215E+02 -8.5753E+02 -8.6405E+02  2.7167E+02
   84  9.5616E-03 -8.1446E+02  2.7009E+02 -8.1464E+02 -8.2115E+02  2.7009E+02
   85  1.0052E-02 -7.7366E+02  2.6794E+02 -7.7384E+02 -7.8033E+02  2.6750E+02
   86  1.0567E-02 -7.3485E+02  2.6569E+02 -7.3503E+02 -7.4151E+02  2.6566E+02
   87  1.1109E-02 -6.9793E+02  2.6336E+02 -6.9812E+02 -7.0457E+02  2.6297E+02
   88  1.1679E-02 -6.6282E+02  2.6093E+02 -6.6300E+02 -6.6944E+02  2.6087E+02
   89  1.2277E-02 -6.2942E+02  2.5841E+02 -6.2960E+02 -6.3601E+02  2.5805E+02
   90  1.2907E-02 -5.9765E+02  2.5578E+02 -5.9783E+02 -6.0423E+02  2.5570E+02
   91  1.3569E-02 -5.6743E+02  2.5305E+02 -5.6761E+02 -5.7398E+02  2.5272E+02
   92  1.4264E-02 -5.3869E+02  2.5022E+02 -5.3887E+02 -5.4522E+02  2.5011E+02
   93  1.4996E-02 -5.1135E+02  2.4728E+02 -5.1153E+02 -5.1785E+02  2.4697E+02
   94  1.5764E-02 -4.8534E+02  2.4422E+02 -4.8552E+02 -4.9182E+02  2.4410E+02
   95  1.6573E-02 -4.6060E+02  2.4105E+02 -4.6078E+02 -4.6705E+02  2.4077E+02
   96  1.7422E-02 -4.3708E+02  2.3777E+02 -4.3726E+02 -4.4350E+02  2.3764E+02
   97  1.8316E-02 -4.1470E+02  2.3437E+02 -4.1488E+02 -4.2109E+02  2.3411E+02
   98  1.9255E-02 -3.9342E+02  2.3085E+02 -3.9360E+02 -3.9978E+02  2.3071E+02
   99  2.0242E-02 -3.7317E+02  2.2721E+02 -3.7335E+02 -3.7950E+02  2.2697E+02
  100  2.1280E-02 -3.5392E+02  2.2345E+02 -3.5410E+02 -3.6022E+02  2.2330E+02
  101  2.2371E-02 -3.3561E+02  2.1956E+02 -3.3579E+02 -3.4187E+02  2.1934E+02
  102  2.3518E-02 -3.1819E+02  2.1556E+02 -3.1837E+02 -3.2442E+02  2.1540E+02
  103  2.4724E-02 -3.0163E+02  2.1142E+02 -3.0181E+02 -3.0782E+02  2.1121E+02
  104  2.5991E-02 -2.8588E+02  2.0717E+02 -2.8606E+02 -2.9203E+02  2.0702E+02
  105  2.7324E-02 -2.7091E+02  2.0279E+02 -2.7109E+02 -2.7701E+02  2.0260E+02
  106  2.8725E-02 -2.5666E+02  1.9829E+02 -2.5684E+02 -2.6273E+02  1.9814E+02
  107  3.0197E-02 -2.4312E+02  1.9367E+02 -2.4330E+02 -2.4914E+02  1.9349E+02
  108  3.1746E-02 -2.3024E+02  1.8894E+02 -2.3042E+02 -2.3622E+02  1.8879E+02
  109  3.3373E-02 -2.1800E+02  1.8408E+02 -2.1818E+02 -2.2392E+02  1.8392E+02
  110  3.5084E-02 -2.0636E+02  1.7912E+02 -2.0654E+02 -2.1223E+02  1.7898E+02
  111  3.6883E-02 -1.9530E+02  1.7405E+02 -1.9548E+02 -2.0111E+02  1.7390E+02
  112  3.8774E-02 -1.8478E+02  1.6888E+02 -1.8496E+02 -1.9054E+02  1.6874E+02
  113  4.0762E-02 -1.7478E+02  1.6362E+02 -1.7496E+02 -1.8049E+02  1.6348E+02
  114  4.2852E-02 -1.6528E+02  1.5826E+02 -1.6546E+02 -1.7092E+02  1.5813E+02
  115  4.5049E-02 -1.5625E+02  1.5283E+02 -1.5643E+02 -1.6183E+02  1.5270E+02
  116  4.7359E-02 -1.4767E+02  1.4732E+02 -1.4785E+02 -1.5319E+02  1.4720E+02
  117  4.9787E-02 -1.3952E+02  1.4175E+02 -1.3970E+02 -1.4497E+02  1.4163E+02
  118  5.2340E-02 -1.3178E+02  1.3612E+02 -1.3196E+02 -1.3716E+02  1.3601E+02
  119  5.5023E-02 -1.2442E+02  1.3045E+02 -1.2460E+02 -1.2974E+02  1.3035E+02
  120  5.7844E-02 -1.1744E+02  1.2475E+02 -1.1762E+02 -1.2268E+02  1.2465E+02
  121  6.0810E-02 -1.1081E+02  1.1903E+02 -1.1099E+02 -1.1597E+02  1.1895E+02
  122  6.3928E-02 -1.0452E+02  1.1331E+02 -1.0470E+02 -1.0960E+02  1.1322E+02
  123  6.7206E-02 -9.8548E+01  1.0759E+02 -9.8727E+01 -1.0355E+02  1.0752E+02
  124  7.0651E-02 -9.2883E+01  1.0190E+02 -9.3062E+01 -9.7797E+01  1.0182E+02
  125  7.4274E-02 -8.7509E+01  9.6246E+01 -8.7688E+01 -9.2336E+01  9.6191E+01
  126  7.8082E-02 -8.2414E+01  9.0647E+01 -8.2593E+01 -8.7151E+01  9.0586E+01
  127  8.2085E-02 -7.7585E+01  8.5120E+01 -7.7763E+01 -8.2229E+01  8.5079E+01
  128  8.6294E-02 -7.3008E+01  7.9678E+01 -7.3186E+01 -7.7557E+01  7.9631E+01
  129  9.0718E-02 -6.8673E+01  7.4340E+01 -6.8851E+01 -7.3125E+01  7.4315E+01
  130  9.5369E-02 -6.4568E+01  6.9121E+01 -6.4746E+01 -6.8920E+01  6.9089E+01
  131  1.0026E-01 -6.0682E+01  6.4037E+01 -6.0860E+01 -6.4932E+01  6.4027E+01
  132  1.0540E-01 -5.7006E+01  5.9103E+01 -5.7184E+01 -6.1151E+01  5.9085E+01
  133  1.1080E-01 -5.3529E+01  5.4334E+01 -5.3706E+01 -5.7568E+01  5.4338E+01
  134  1.1648E-01 -5.0242E+01  4.9744E+01 -5.0419E+01 -5.4172E+01  4.9740E+01
  135  1.2246E-01 -4.7136E+01  4.5345E+01 -4.7313E+01 -5.0955E+01  4.5363E+01
  136  1.2873E-01 -4.4202E+01  4.1150E+01 -4.4380E+01 -4.7909E+01  4.1160E+01
  137  1.3534E-01 -4.1433E+01  3.7167E+01 -4.1610E+01 -4.5025E+01  3.7199E+01
  138  1.4227E-01 -3.8819E+01  3.3407E+01 -3.8996E+01 -4.2296E+01  3.3431E+01
  139  1.4957E-01 -3.6354E+01  2.9875E+01 -3.6530E+01 -3.9714E+01  2.9918E+01
  140  1.5724E-01 -3.4029E+01  2.6577E+01 -3.4206E+01 -3.7271E+01  2.6612E+01
  141  1.6530E-01 -3.1837E+01  2.3515E+01 -3.2014E+01 -3.4962E+01  2.3568E+01
  142  1.7377E-01 -2.9773E+01  2.0690E+01 -2.9950E+01 -3.2778E+01  2.0736E+01
  143  1.8268E-01 -2.7828E+01  1.8101E+01 -2.8005E+01 -3.0716E+01  1.8163E+01
  144  1.9205E-01 -2.5996E+01  1.5746E+01 -2.6173E+01 -2.8765E+01  1.5799E+01
  145  2.0190E-01 -2.4272E+01  1.3618E+01 -2.4449E+01 -2.6924E+01  1.3685E+01
  146  2.1225E-01 -2.2648E+01  1.1711E+01 -2.2826E+01 -2.5185E+01  1.1770E+01
  147  2.2313E-01 -2.1120E+01  1.0015E+01 -2.1298E+01 -2.3543E+01  1.0086E+01
  148  2.3457E-01 -1.9682E+01  8.5213E+00 -1.9861E+01 -2.1993E+01  8.5832E+00
  149  2.4660E-01 -1.8328E+01  7.2166E+00 -1.8507E+01 -2.0531E+01  7.2879E+00
  150  2.5924E-01 -1.7054E+01  6.0883E+00 -1.7234E+01 -1.9151E+01  6.1503E+00
  151  2.7253E-01 -1.5854E+01  5.1225E+00 -1.6035E+01 -1.7852E+01  5.1916E+00
  152  2.8650E-01 -1.4725E+01  4.3046E+00 -1.4906E+01 -1.6626E+01  4.3638E+00
  153  3.0119E-01 -1.3662E+01  3.6196E+00 -1.3844E+01 -1.5474E+01  3.6839E+00
  154  3.1664E-01 -1.2660E+01  3.0528E+00 -1.2843E+01 -1.4388E+01  3.1071E+00
  155  3.3287E-01 -1.1717E+01  2.5893E+00 -1.1901E+01 -1.3370E+01  2.6467E+00
  156  3.4994E-01 -1.0828E+01  2.2149E+00 -1.1014E+01 -1.2412E+01  2.2621E+00
  157  3.6788E-01 -9.9913E+00  1.9159E+00 -1.0178E+01 -1.1516E+01  1.9649E+00
  158  3.8674E-01 -9.2031E+00  1.6799E+00 -9.3919E+00 -1.0674E+01  1.7191E+00
  159  4.0657E-01 -8.4612E+00  1.4951E+00 -8.6517E+00 -9.8894E+00  1.5350E+00
  160  4.2741E-01 -7.7630E+00  1.3511E+00 -7.9553E+00 -9.1531E+00  1.3819E+00
  161  4.4933E-01 -7.1064E+00  1.2387E+00 -7.3006E+00 -8.4671E+00  1.2696E+00
  162  4.7237E-01 -6.4895E+00  1.1499E+00 -6.6857E+00 -7.8238E+00  1.1730E+00
  163  4.9659E-01 -5.9106E+00  1.0781E+00 -6.1088E+00 -7.2248E+00  1.1011E+00
  164  5.2205E-01 -5.3681E+00  1.0179E+00 -5.5684E+00 -6.6628E+00  1.0342E+00
  165  5.4881E-01 -4.8605E+00  9.6473E-01 -5.0630E+00 -6.1397E+00  9.8126E-01
  166  5.7695E-01 -4.3866E+00  9.1548E-01 -4.5913E+00 -5.6491E+00  9.2702E-01
  167  6.0653E-01 -3.9452E+00  8.6775E-01 -4.1521E+00 -5.1929E+00  8.7986E-01
  168  6.3763E-01 -3.5351E+00  8.1995E-01 -3.7442E+00 -4.7658E+00  8.2851E-01
  169  6.7032E-01 -3.1551E+00  7.7118E-01 -3.3665E+00 -4.3695E+00  7.8080E-01
  170  7.0469E-01 -2.8044E+00  7.2106E-01 -3.0180E+00 -3.9997E+00  7.2859E-01
  171  7.4082E-01 -2.4817E+00  6.6963E-01 -2.6975E+00 -3.6580E+00  6.7870E-01
  172  7.7880E-01 -2.1860E+00  6.1722E-01 -2.4041E+00 -3.3406E+00  6.2534E-01
  173  8.1873E-01 -1.9161E+00  5.6438E-01 -2.1367E+00 -3.0490E+00  5.7437E-01
  174  8.6071E-01 -1.6711E+00  5.1174E-01 -1.8940E+00 -2.7797E+00  5.2173E-01
  175  9.0484E-01 -1.4496E+00  4.5998E-01 -1.6751E+00 -2.5339E+00  4.7200E-01
  176  9.5123E-01 -1.2504E+00  4.0978E-01 -1.4786E+00 -2.3086E+00  4.2235E-01
  177  1.0000E+00 -1.0723E+00  3.6174E-01 -1.3035E+00 -2.1046E+00  3.7629E-01
  178  1.0513E+00 -9.1392E-01  3.1638E-01 -1.1484E+00 -1.9193E+00  3.3178E-01
  179  1.1052E+00 -7.7400E-01  2.7411E-01 -1.0120E+00 -1.7529E+00  2.9124E-01
  180  1.1618E+00 -6.5115E-01  2.3524E-01 -8.9328E-01 -1.6033E+00  2.5318E-01
  181  1.2214E+00 -5.4402E-01  1.9994E-01 -7.9077E-01 -1.4704E+00  2.1919E-01
  182  1.2840E+00 -4.5125E-01  1.6828E-01 -7.0326E-01 -1.3522E+00  1.8817E-01
  183  1.3499E+00 -3.7150E-01  1.4023E-01 -6.2954E-01 -1.2485E+00  1.6095E-01
  184  1.4191E+00 -3.0346E-01  1.1569E-01 -5.6839E-01 -1.1577E+00  1.3672E-01
  185  1.4918E+00 -2.4588E-01  9.4477E-02 -5.1866E-01 -1.0799E+00  1.1585E-01
  186  1.5683E+00 -1.9755E-01  7.6357E-02 -4.7924E-01 -1.0144E+00  9.7737E-02
  187  1.6487E+00 -1.5732E-01  6.1065E-02 -4.4912E-01 -9.5749E-01  8.2390E-02
  188  1.7333E+00 -1.2415E-01  4.8313E-02 -4.2733E-01 -9.0806E-01  6.9388E-02
  189  1.8221E+00 -9.7041E-02  3.7807E-02 -4.1299E-01 -8.6683E-01  5.8579E-02
  190  1.9155E+00 -7.5103E-02  2.9257E-02 -4.0531E-01 -8.3106E-01  4.9688E-02
  191  2.0138E+00 -5.7527E-02  2.2382E-02 -4.0359E-01 -8.0180E-01  4.2457E-02
  192  2.1170E+00 -4.3591E-02  1.6922E-02 -4.0724E-01 -7.4863E-01  3.6776E-02
  193  2.2255E+00 -3.2661E-02  1.2641E-02 -4.1576E-01 -7.4863E-01  3.2400E-02
  194  2.3396E+00 -2.4186E-02  9.3261E-03 -4.2877E-01 -7.4863E-01  2.9122E-02
  195  2.4596E+00 -1.7691E-02  6.7929E-03 -4.4637E-01 -7.4863E-01  2.6768E-02
  196  2.5857E+00 -1.2775E-02  4.8826E-03  0.0000E+00 -7.4863E-01  0.0000E+00
  197  2.7183E+00 -9.1017E-03  3.4616E-03  0.0000E+00 -7.4863E-01  0.0000E+00
  198  2.8577E+00 -6.3937E-03  2.4195E-03  0.0000E+00 -7.4863E-01  0.0000E+00
  199  3.0042E+00 -4.4253E-03  1.6662E-03  0.0000E+00 -7.4863E-01  0.0000E+00
  200  3.1582E+00 -3.0156E-03  1.1298E-03  0.0000E+00 -7.4863E-01  0.0000E+00
  201  3.3201E+00 -2.0216E-03  7.5383E-04  0.0000E+00 -7.4863E-01  0.0000E+00
  202  3.4903E+00 -1.3322E-03  4.9452E-04  0.0000E+00 -7.4863E-01  0.0000E+00
  203  3.6693E+00 -8.6208E-04  3.1870E-04  0.0000E+00 -7.4863E-01  0.0000E+00
  204  3.8574E+00 -5.4733E-04  2.0159E-04  0.0000E+00 -7.4863E-01  0.0000E+00
  205  4.0552E+00 -3.4058E-04  1.2503E-04  0.0000E+00 -7.4863E-01  0.0000E+00
  206  4.2631E+00 -2.0750E-04  7.5951E-05  0.0000E+00 -7.4863E-01  0.0000E+00
  207  4.4817E+00 -1.2363E-04  4.5139E-05  0.0000E+00 -7.4863E-01  0.0000E+00
  208  4.7115E+00 -7.1962E-05  2.6214E-05  0.0000E+00 -7.4863E-01  0.0000E+00
  209  4.9530E+00 -4.0875E-05  1.4856E-05  0.0000E+00 -7.4863E-01  0.0000E+00
  210  5.2070E+00 -2.2636E-05  8.2040E-06  0.0000E+00 -7.4863E-01  0.0000E+00
  211  5.4739E+00 -1.2214E-05  4.4085E-06  0.0000E+00 -7.4863E-01  0.0000E+00
  212  5.7546E+00 -6.4231E-06  2.3015E-06  0.0000E+00 -7.4863E-01  0.0000E+00
  213  6.0496E+00 -3.2982E-06  1.1654E-06  0.0000E+00 -7.4863E-01  0.0000E+00
  214  6.3598E+00 -1.6627E-06  5.7135E-07  0.0000E+00 -7.4863E-01  0.0000E+00
  215  6.6859E+00 -8.3329E-07  2.7074E-07  0.0000E+00 -7.4863E-01  0.0000E+00
  216  7.0287E+00 -4.2578E-07  1.2376E-07  0.0000E+00 -7.4863E-01  0.0000E+00
  217  7.3891E+00 -2.3142E-07  5.4466E-08  0.0000E+00 -7.4863E-01  0.0000E+00
  218  7.7679E+00 -1.4085E-07  2.3030E-08  0.0000E+00 -7.4863E-01  0.0000E+00
  219  8.1662E+00 -9.8922E-08  9.3357E-09  0.0000E+00 -7.4863E-01  0.0000E+00
  220  8.5849E+00 -7.8922E-08  3.6200E-09  0.0000E+00 -7.4863E-01  0.0000E+00
  221  9.0250E+00 -6.8449E-08  1.3395E-09  0.0000E+00 -7.4863E-01  0.0000E+00
  222  9.4877E+00 -6.1998E-08  4.7183E-10  0.0000E+00 -7.4863E-01  0.0000E+00
  223  9.9742E+00 -5.7233E-08  1.5781E-10  0.0000E+00 -7.4863E-01  0.0000E+00
  224  1.0486E+01 -5.3210E-08  4.9979E-11  0.0000E+00 -7.4863E-01  0.0000E+00
  225  1.1023E+01 -4.9561E-08  1.4946E-11  0.0000E+00 -7.4863E-01  0.0000E+00
  226  1.1588E+01 -4.6150E-08  4.2084E-12  0.0000E+00 -7.4863E-01  0.0000E+00
  227  1.2182E+01 -4.2923E-08  1.1122E-12  0.0000E+00 -7.4863E-01  0.0000E+00
  228  1.2807E+01 -3.9859E-08  2.7501E-13  0.0000E+00 -7.4863E-01  0.0000E+00
  229  1.3464E+01 -3.6947E-08  6.3413E-14  0.0000E+00 -7.4863E-01  0.0000E+00
  230  1.4154E+01 -3.4176E-08  1.3588E-14  0.0000E+00 -7.4863E-01  0.0000E+00
  231  1.4880E+01 -3.1541E-08  2.6961E-15  0.0000E+00 -7.4863E-01  0.0000E+00
  232  1.5643E+01 -2.9034E-08  4.9352E-16  0.0000E+00 -7.4863E-01  0.0000E+00
  233  1.6445E+01 -2.6650E-08  8.3026E-17  0.0000E+00 -7.4863E-01  0.0000E+00
  234  1.7288E+01 -2.4382E-08  1.2787E-17  0.0000E+00 -7.4863E-01  0.0000E+00
  235  1.8174E+01 -2.2224E-08  1.7956E-18  0.0000E+00 -7.4863E-01  0.0000E+00
  236  1.9106E+01 -2.0172E-08  2.2900E-19  0.0000E+00 -7.4863E-01  0.0000E+00
  237  2.0086E+01 -1.8220E-08  2.6411E-20  0.0000E+00 -7.4863E-01  0.0000E+00
  238  2.1115E+01 -1.6363E-08  2.7433E-21  0.0000E+00 -7.4863E-01  0.0000E+00
  239  2.2198E+01 -1.4596E-08  2.5572E-22  0.0000E+00 -7.4863E-01  0.0000E+00
  240  2.3336E+01 -1.2916E-08  2.1294E-23  0.0000E+00 -7.4863E-01  0.0000E+00
  241  2.4533E+01 -1.1318E-08  1.5699E-24  0.0000E+00 -7.4863E-01  0.0000E+00
  242  2.5790E+01 -9.7973E-09  1.0358E-25  0.0000E+00 -7.4863E-01  0.0000E+00
  243  2.7113E+01 -8.3510E-09  5.4501E-27  0.0000E+00 -7.4863E-01  0.0000E+00
  244  2.8503E+01 -6.9753E-09  2.2957E-28  0.0000E+00 -7.4863E-01  0.0000E+00
  245  2.9964E+01 -5.6667E-09  8.2689E-30  0.0000E+00 -7.4863E-01  0.0000E+00
  246  3.1500E+01 -4.4219E-09  2.5267E-31  0.0000E+00 -7.4863E-01  0.0000E+00
  247  3.3115E+01 -3.2379E-09  6.4949E-33  0.0000E+00 -7.4863E-01  0.0000E+00
  248  3.4813E+01 -2.1115E-09 -8.2684E-39  0.0000E+00 -7.4863E-01  0.0000E+00
  249  3.6598E+01 -1.0402E-09  0.0000E+00  0.0000E+00 -7.4863E-01  0.0000E+00
