   1.5073304634542688E-004  -5.7063519890621141E-007  -2.2844544775444895E-006  -2.0598192830145740E-006  -219.25196524376776     
   1.5846129489165505E-004   2.4408416234949450E-006  -4.1028249901533224E-006  -2.3292256653407545E-006  -161.59966593762533     
   1.6658577921391449E-004  -3.7833366454871385E-007  -2.1401648275884980E-006  -1.9743733892110281E-006  -164.22710707463995     
   1.7512681475486631E-004   2.8900966804262603E-006  -4.0827228612123034E-006  -2.2785943459882721E-006  -115.28520043446140     
   1.8410575855218897E-004  -9.7753682889917009E-008  -1.9898276548509392E-006  -1.8860248181318587E-006  -119.07454906006394     
   1.9354506264229938E-004   3.3202903211465957E-006  -4.0638137989135668E-006  -2.2284827751894133E-006  -81.009437086754616     
   2.0346833020213646E-004   2.2158031554276387E-007  -1.8326170610672942E-006  -1.7940587354800452E-006  -83.706191987608307     
   2.1390037456939866E-004   3.9437825101466880E-006  -4.0465553824873087E-006  -2.1785222048661870E-006  -51.181134072112236     
   2.2486728128881411E-004   6.6538147990164313E-007  -1.6682091673725483E-006  -1.6980360212266201E-006  -54.560237221527899     
   2.3639647333958716E-004   4.5612675329063848E-006  -4.0311011324020329E-006  -2.1289558449065859E-006  -29.654150443300257     
   2.4851677970713350E-004   1.1765517816614927E-006  -1.4958119912672356E-006  -1.5976405571592407E-006  -31.939700508351930     
   2.6125850747055727E-004   5.4356700184193421E-006  -4.0186793661910204E-006  -2.0799273828459028E-006  -10.533839267554438     
   2.7465351758613609E-004   1.8638925499480666E-006  -1.3152901257318903E-006  -1.4926191893566195E-006  -13.220179585967205     
   2.8873530455630913E-004   6.3281927359976221E-006  -4.0098094557250452E-006  -2.0319970107797634E-006   2.7883855759519451     
   3.0353908018337597E-004   2.6626707696812636E-006  -1.1257287708416238E-006  -1.3826427364595900E-006   1.1232088089111327     
   3.1910186161734775E-004   7.5650751672783732E-006  -4.0065474435812424E-006  -1.9859201687108015E-006   14.938693811293383     
   3.3546256391809968E-004   3.7115950676723406E-006  -9.2700947159584017E-007  -1.2676767838269717E-006   13.051438650654433     
   3.5266209736329235E-004   8.8614687601841847E-006  -4.0096844502966496E-006  -1.9427140703204610E-006   22.994349256183295     
   3.7074346974537675E-004   4.9389563968864228E-006  -7.1798103298951782E-007  -1.1475206516916220E-006   22.028712702036131     
   3.8975189391347344E-004   1.0623046464901391E-005  -4.0221458457444168E-006  -1.9037211852194656E-006   30.614236969119965     
   4.0973490082904897E-004   6.5225315313561993E-006  -4.9849201158998587E-007  -1.0219020172855199E-006   29.540602361242023     
   4.3074245841807571E-004   1.2511928334840775E-005  -4.0449346558484281E-006  -1.8702811675413444E-006   35.314751991164009     
   4.5282709651687429E-004   8.3852686360658070E-006  -2.6696147862675395E-007  -8.9036094885701881E-007   35.053765924482960     
   4.7604403822406645E-004   1.5033918557872885E-005  -4.0819746293695777E-006  -1.8440754844154488E-006   40.005941472955733     
   5.0045133798708413E-004   1.0756316554432359E-005  -2.3179906522763962E-008  -7.5228171126495426E-007   39.703215541416512     
   5.2611002676852998E-004   1.7790635384413321E-005  -4.1342284385314863E-006  -1.8270231842835009E-006   42.594380428872761     
   5.5308426465537186E-004   1.3556572632807595E-005   2.3505288375698144E-007  -6.0669190096743561E-007   42.989619524519028     
   5.8144150129257964E-004   2.1414598617489700E-005  -4.2067739585920971E-006  -1.8213310412261443E-006   45.402903582235858     
   6.1125264454237212E-004   1.7082977139836855E-005   5.0798142776557094E-007  -4.5252071874185633E-007   45.786675984137659     
   6.4259223779080342E-004   2.5439683345780580E-005  -4.3002640685599530E-006  -1.8295269055838129E-006   46.679322718259833     
   6.7553864634506064E-004   2.1260269147021124E-005   7.9868463312802323E-007  -2.8825060100302741E-007   47.644036521937998     
   7.1017425338754689E-004   3.0659184635179811E-005  -4.4212600073128811E-006  -1.8545149964987740E-006   48.282674568108256     
   7.4658566597675055E-004   2.6475134130071365E-005   1.1074598546160507E-006  -1.1195635676455271E-007   49.239750185136892     
   7.8486393161000324E-004   3.6532668800980480E-005  -4.5696559231672246E-006  -1.8995633310620414E-006   48.754413514878742     
   8.2510476588964468E-004   3.2665562153665069E-005   1.4385539628360611E-006   7.8890747660342436E-008   50.178258737752273     
   8.6740879186188928E-004   4.4057691745785519E-005  -4.7538555091786102E-006  -1.9684875450493142E-006   49.585247440842458     
   9.1188179162685057E-004   4.0337160416282366E-005   1.7923113484662322E-006   2.8733721771264905E-007   50.988860347053681     
   9.5863497084889215E-004   5.2614695244535636E-005  -4.9724340219537757E-006  -2.0654154733068354E-006   49.567079767325872     
   1.0077852368287135E-003   4.9455598524544115E-005   2.1748473424031402E-006   5.1708702177612266E-007   51.330494502130641     
   1.0594554908324924E-003   6.3461166798462189E-005  -5.2364207476587531E-006  -2.1953479035285822E-006   49.896837401524316     
   1.1137749354090728E-003   6.0683831213951396E-005   2.5862885363727919E-006   7.7270499912558815E-007   51.618333749963092     
   1.1708793974636322E-003   7.5896090462372327E-005  -5.5423261821871839E-006  -2.3637592362851300E-006   49.577646317287460     
   1.2309116678956896E-003   7.4036525666753203E-005   3.0348793350023213E-006   1.0595304546354826E-006   51.562270258204784     
   1.2940218586507430E-003   9.1507236472686840E-005  -5.9044103364779713E-006  -2.5772696878962038E-006   49.571644793477539     
   1.3603677780783068E-003   9.0383477649736622E-005   3.5207437142998361E-006   1.3841960308794316E-006   51.489534438227075     
   1.4301153255349970E-003   1.0951321494297425E-004  -6.3158324061619093E-006  -2.8432296564134674E-006   49.059414272144259     
   1.5034389062193320E-003   1.0981764026193937E-004   4.0553824985310151E-006   1.7544719725744809E-006   51.156434190606603     
   1.5805218672755657E-003   1.3192037133341348E-004  -6.7955340487351291E-006  -3.1706932156575640E-006   48.814534517635344     
   1.6615569562570659E-003   1.3347943318679000E-004   4.6387712909367839E-006   2.1796492166023125E-006   50.821547781837360     
   1.7467468030955748E-003   1.5787187798243265E-004  -7.3316377090357360E-006  -3.5695305756998736E-006   48.165776107861468     
   1.8363044267815996E-003   1.6157766461537791E-004   5.2871481780589381E-006   2.6709492844637054E-006   50.281689020245629     
   1.9304537680228399E-003   1.8990027461664326E-004  -7.9496228653653384E-006  -4.0512986694700345E-006   47.735194476156700     
   2.0294302492125955E-003   1.9560132124622851E-004   6.0003036235702676E-006   3.2407723222002739E-006   49.741534180471717     
   2.1334813631083945E-003   2.2708147526214221E-004  -8.6289954562068644E-006  -4.6307507472785713E-006   46.974875018668811     
   2.2428672916927758E-003   2.3592073057701835E-004   6.8020891538379362E-006   3.9052157326416632E-006   49.033020766082338     
   2.3578615567637876E-003   2.7259975372074667E-004  -9.4037909061998594E-006  -5.3250867648455429E-006   46.383906998229520     
   2.4787517038819479E-003   2.8446307642995562E-004   7.6926068160880330E-006   4.6822572764638561E-006   48.318371106322076     
   2.6058400213839102E-003   3.2547088473516313E-004  -1.0239881582490131E-005  -6.1530827287359256E-006   45.517575874782047     
   2.7394442962607869E-003   3.4180955709462975E-004   8.7073869323363656E-006   5.5934970566723623E-006   47.459346361857520     
   2.8798986087911226E-003   3.8966973195871357E-004  -1.1181855097935083E-005  -7.1391460661384467E-006   44.775571211862840     
   3.0275541679156293E-003   4.1041740587699027E-004   9.8487415491306498E-006   6.6642728884400783E-006   46.584205418197584     
   3.1827801894424670E-003   4.6414505982661454E-004  -1.2172719170354223E-005  -8.3093262178817527E-006   43.798248657425184     
   3.3459648192790685E-003   4.9111764380860160E-004   1.1171737508280392E-005   7.9246965859096671E-006   45.580253709276171     
   3.5175161039991141E-003   5.5379959307061790E-004  -1.3268150685899704E-005  -9.6980060118335948E-006   42.904995912874199     
   3.6978630111714683E-003   5.8697364921710463E-004   1.2685651392008038E-005   9.4099785608271970E-006   44.548608686737737     
   3.8874565020025746E-003   6.5746904394687689E-004  -1.4372013929441633E-005  -1.1340863428723868E-005   41.806345769777529     
   4.0867706589743525E-003   6.9906492074076087E-004   1.4479949135884568E-005   1.1162446889069155E-005   43.398225162862190     
   4.2963038712973290E-003   7.8108629186266821E-004  -1.5548372219768707E-005  -1.3286521537838548E-005   40.756840383231491     
   4.5165800811433031E-003   8.3108452225904607E-004   1.6581608840296714E-005   1.3229913248278732E-005   42.208753275185451     
   4.7481500937736308E-003   9.2324677646572946E-004  -1.6632732690750434E-005  -1.5583530183823086E-005   39.525061068619230     
   4.9915929548393252E-003   9.8426670422662507E-004   1.9142502580862026E-005   1.5673005970259566E-005   40.907455526612843     
   5.2475173982967794E-003   1.0909197924171958E-003  -1.7685619137668144E-005  -1.8300485651623430E-005   38.313253302317626     
   5.5165633685597100E-003   1.1628365260670558E-003   2.2232411073850998E-005   1.8557191032782968E-005   39.557322887062710     
   5.7994036206935832E-003   1.2821784567771076E-003  -1.8419490173454558E-005  -2.1500753375048829E-005   36.938374476525190     
   6.0967454026536255E-003   1.3679120644261961E-003   2.6118623022917168E-005   2.1968621227422545E-005   38.101283080904871     
   6.4093322237731599E-003   1.5048330554560993E-003  -1.8859081615603768E-005  -2.5282351910377808E-005   35.560486719017732     
   6.7379457139241945E-003   1.6039186617701827E-003   3.0968351579181138E-005   2.5997988239909324E-005   36.589623773903810     
   7.0834075779992126E-003   1.7558853957103176E-003  -1.8493585279956868E-005  -2.9725418933674827E-005   34.037206165487412     
   7.4465816506014745E-003   1.8712926989069400E-003   3.7265191121458574E-005   3.0767333478725047E-005   34.979227285399006     
   7.8283760560813945E-003   2.0434563592111707E-003  -1.7235242558940974E-005  -3.4966914598547603E-005   32.495283760243844     
   8.2297454793205001E-003   2.1739403713717511E-003   4.5387204231928384E-005   3.6406209426980379E-005   33.311112194743195     
   8.6516935529408878E-003   2.3624996983125802E-003  -1.4165523025952610E-005  -4.1101965206952516E-005   30.826655909334075     
   9.0952753669095530E-003   2.5105828567158809E-003   5.6226755753338478E-005   4.3093431133290515E-005   31.554908111779309     
   9.5616001068128485E-003   2.7204068861432008E-003  -8.9171794247250228E-006  -4.8313172671825768E-005   29.132478494581743     
   1.0051833827398250E-002   2.8833454126017443E-003   7.0596866048011734E-005   5.1018971109822560E-005   29.745630556357536     
   1.0567202368318563E-002   3.1085165664979202E-003   1.7331662690821123E-007  -5.6695770942855980E-005   27.333955876589997     
   1.1108994419369571E-002   3.2875631636707548E-003   9.0158321879739252E-005   6.0461938169758449E-005   27.864726518260298     
   1.1678564742885790E-002   3.5317729962737539E-003   1.4085046649363881E-005  -6.6474728234350739E-005   25.513096706264768     
   1.2277337561351921E-002   3.7216385869069789E-003   1.1658817800044043E-004   7.1724068852590926E-005   25.944123688899438     
   1.2906810118700974E-002   3.9757076633584135E-003   3.5832701957617438E-005  -7.7683355409133758E-005   23.616782136359550     
   1.3568556424203930E-002   4.1752285882355545E-003   1.5296281644615079E-004   8.5285193929341668E-005   23.976753289657886     
   1.4264231188312809E-002   4.4404360301969394E-003   6.7634655957056911E-005  -9.0535287279238212E-005   21.713217829476150     
   1.4995573960298693E-002   4.6404889934616835E-003   2.0260239712143911E-004   1.0169848282768259E-004   21.993779979641268     
   1.5764413478030960E-002   4.9030714138985501E-003   1.1489829986235204E-004  -1.0481250647155203E-004   19.771803402503632     
   1.6572672240774574E-002   5.0988092861166670E-003   2.7111393009116827E-004   1.2190343592085070E-004   19.999150993184120     
   1.7422371316439582E-002   5.3563479766923269E-003   1.8218523804152545E-004  -1.2048770956027897E-004   17.851333338860613     
   1.8315635395303648E-002   5.5336829905825420E-003   3.6478135585405320E-004   1.4710209116303128E-004   18.025008813254857     
   1.9254698102844373E-002   5.7668735965764138E-003   2.7898746961206252E-004  -1.3654060394638223E-004   15.940723663310834     
   2.0241907584966551E-002   5.9164915575746933E-003   4.9352942480605951E-004   1.7940955988264188E-004   16.085369948731909     
   2.1279732379589938E-002   6.1186197035899524E-003   4.1397279609972409E-004  -1.5193242997315552E-004   14.092248071746718     
   2.2370767589279892E-002   6.2214618020809409E-003   6.6863603959362342E-004   2.2180407034737677E-004   14.213984378434930     
   2.3517741370355512E-002   6.3681986312871461E-003   6.0320049020727540E-004  -1.6327776587428552E-004   12.310846794433667     
   2.4723521754701414E-002   6.4114881562950636E-003   9.0689505414933336E-004   2.7957308702347949E-004   12.433022626255916     
   2.5991123821341430E-002   6.4933309978239409E-003   8.6186468999980789E-004  -1.6618724000277190E-004   10.643382819805677     
   2.7323717235706597E-002   6.4558133852638325E-003   1.2272407235558449E-003   3.6068509850861914E-004   10.776876008683933     
   2.8724634175449733E-002   6.4472586204060087E-003   1.2156894542487615E-003  -1.5054643568017457E-004   9.1063811892210023     
   3.0197377662625272E-002   6.3173989239281260E-003   1.6562514765132300E-003   4.7909251582949855E-004   9.2724745082945912     
   3.1745630323068923E-002   6.2117981951106153E-003   1.6888643727037710E-003  -1.0193044281709641E-004   7.7403179425396091     
   3.3373263594880617E-002   5.9738054968467248E-003   2.2228915908628676E-003   6.5660093252076506E-004   7.9520519894632233     
   3.5084347409036189E-002   5.7537036042201702E-003   2.3192356116259806E-003   8.2396426125719741E-006   6.5674315921209967     
   3.6883160366334787E-002   5.4075704439393571E-003   2.9651978628921849E-003   9.3054540406901475E-004   6.8423875726332151     
   3.8774200436129516E-002   5.0804734863502442E-003   3.1403837083225699E-003   2.2258406818920830E-004   5.6189452082035425     
   4.0762196203593573E-002   4.6295349792014589E-003   3.9216265030962609E-003   1.3600085201464470E-003   5.9692405196867524     
   4.2852118693646413E-002   4.2011087005005320E-003   4.2008283310667116E-003   6.1856723218644541E-004   4.9160944534622217     
   4.5049193801105177E-002   3.6722287028520964E-003   5.1381064131538357E-003   2.0435712036417225E-003   5.3535277315006145     
   4.7358915358143815E-002   3.1794598500790930E-003   5.5371832624355639E-003   1.3137112351002988E-003   4.4771898896866089     
   4.9787058871735207E-002   2.6116937316721265E-003   6.6536148201992917E-003   3.1366359218460062E-003   5.0100346541574696     
   5.2339695965426716E-002   2.0994576564490430E-003   7.1969919463952658E-003   2.5093327501205060E-003   4.3164193669210311     
   5.5023209561561898E-002   1.5600875183057520E-003   8.5061376063196026E-003   4.8912261104165477E-003   4.9491840483826026     
   5.7844309841910892E-002   1.1050872372073794E-003   9.1991388886497813E-003   4.5105241527684248E-003   4.4369126750936463     
   6.0810051026620092E-002   6.7670076098474182E-004   1.0709744033646336E-002   7.6985572892854367E-003   5.1725388162463446     
   6.3927849013436913E-002   3.6592083495008958E-004   1.1560024961752300E-002   7.8154629722657493E-003   4.8430082250486848     
   6.7205499921316733E-002   1.5102761477282656E-004   1.3258346988537577E-002   1.2173314829510588E-002   5.6791913739032740     
   7.0651199584781429E-002   8.6984586217903653E-005   1.4238537553553339E-002   1.3168083784269648E-002   5.5245510170198733     
   7.4273564047774465E-002   1.8942200882765707E-004   1.6093563733850298E-002   1.9246204666381883E-002   6.4600970710820365     
   7.8081651108258682E-002   4.6840772244540553E-004   1.7167955034175810E-002   2.1729944534103672E-002   6.4787886746889782     
   8.2084982967429360E-002   9.7927389227623414E-004   1.9108968199592302E-002   3.0326937105173205E-002   7.5077990534172390     
   8.6293570040176709E-002   1.6703340394184695E-003   2.0188312644118259E-002   3.5189732358557907E-002   7.6895071448559067     
   9.0717935986337761E-002   2.6435916364734727E-003   2.2114981460984697E-002   4.7477876033157798E-002   8.8103587411299618     
   9.5369144025327257E-002   3.7704415199988225E-003   2.3094058687405321E-002   5.6062261353493958E-002   9.1542778802305680     
  0.10025882459994871        5.1917875045045143E-003   2.4855769488511186E-002   7.3688965764236836E-002   10.362068436495935     
  0.10539920445855964        6.6903721398073220E-003   2.5568871751913164E-002   8.7863287654302888E-002   10.859782505022388     
  0.11080313722831070        8.4614401775683305E-003   2.6989929726513755E-002  0.11314033288207177        12.155713201812123     
  0.11648413555590921        1.0185516101483933E-002   2.7270341293785076E-002  0.13555028770726599        12.809105320861100     
  0.12245640489627406        1.2097476708879309E-002   2.8144186136393079E-002  0.17157083061353887        14.190608723355302     
  0.12873487903357234        1.3782476113457282E-002   2.7795190814969818E-002  0.20569067702323246        14.992667646178740     
  0.13533525742345850        1.5543151632288444E-002   2.7937925087227047E-002  0.25653589993568698        16.460739353539427     
  0.14227404444989064        1.6871765258103875E-002   2.6823948202627894E-002  0.30693789256166071        17.410299536869516     
  0.14956859069468770        1.8121966851269201E-002   2.6093993841940076E-002  0.37769423870779917        18.956786660793398     
  0.15723713632302108        1.8733193929748107E-002   2.4136419296162327E-002  0.44992142109791172        20.037546399753182     
  0.16529885669332869        1.9148020921278156E-002   2.2515340640541618E-002  0.54674358628467545        21.649515500535884     
  0.17377391030569905        1.8780787133527425E-002   1.9803022439002300E-002  0.64740211178585205        22.840718552555902     
  0.18268348920862110        1.8139817432476939E-002   1.7425941809493868E-002  0.77716662660520419        24.486469200396414     
  0.19204987199014462        1.6684692932093979E-002   1.4214234822107905E-002  0.91330955006037817        25.742957176974791     
  0.20189647948595435        1.5013089410770302E-002   1.1436316822625464E-002   1.0832292536087973        27.375775898961948     
  0.21224793334365866        1.2667975610577330E-002   8.2186405602521721E-003   1.2619577826526893        28.638055597328304     
  0.22313011758973345        1.0282130514398051E-002   5.5973533669252873E-003   1.4784997878560926        30.185885367152160     
  0.23457024335307022        7.5475308851828760E-003   3.0433117977356461E-003   1.7055019016507253        31.367098848378767     
  0.24659691690697286        5.0973202391556144E-003   1.3077898495656513E-003   1.9733010398868955        32.741854779162828     
  0.25924021119974061        2.7816134474804195E-003   2.0648708255512478E-004   2.2517981942107408        33.743531874372010     
  0.27253174105270328        1.1246374373922749E-003   1.2060782678485647E-004   2.5717661748702585        34.841110319109482     
  0.28650474221374228        1.4976972999452201E-004   1.2044734083621444E-003   2.9002939186295853        35.552632657130466     
  0.30119415446397091        1.6222332840385266E-004   3.3922312752059400E-003   3.2682086991414510        36.272023267121092     
  0.31663670898538815        1.3220833616203426E-003   7.1327643708376642E-003   3.6395581893654172        36.594739270782881     
  0.33287102020796505        3.5907568940229998E-003   1.1857968973728056E-002   4.0442451919987796        36.848283711962743     
  0.34993768236583300        7.2372805373674427E-003   1.8262068362452817E-002   4.4436518634282374        36.704456654521174     
  0.36787937100401435        1.1772663792438697E-002   2.5233416581207372E-002   4.8666684078427433        36.439865497180591     
  0.38674094968951223        1.7552692535767377E-002   3.3667539837262075E-002   5.2723453086875418        35.795306495613154     
  0.40656958219359818        2.3629170780243281E-002   4.1966891821305252E-002   5.6879242259496783        35.004109109264569     
  0.42741485042580590        3.0450035783454354E-002   5.1191210181326045E-002   6.0713884192492023        33.872126149031750     
  0.44932887841453123        3.6641226941934106E-002   5.9328698831957023E-002   6.4489685865780064        32.600321752420996     
  0.47236646264425380        4.2812335154016515E-002   6.7616636915660902E-002   6.7787736937639398        31.049428330982664     
  0.49658520907528836        4.7365838257165234E-002   7.3844361033898825E-002   7.0861431386590183        29.391696469804035     
  0.52204567718869588        5.1129265331027449E-002   7.9424432330336206E-002   7.3314672201190376        27.534322558577077     
  0.54881153141652461        5.2465220626761698E-002   8.2122101456946553E-002   7.5405411334044317        25.625307043140609     
  0.57694970033605397        5.2515194844529767E-002   8.3569126025165016E-002   7.6775184804343350        23.605029049167115     
  0.60653054402610240        4.9887081460281847E-002   8.1777610862522984E-002   7.7687878777664645        21.595921527338358     
  0.63762803000386636        4.5997263397660269E-002   7.8548567210839124E-002   7.7840309439013291        19.560876510207329     
  0.67031991818224934        3.9827744800566577E-002   7.2268687932719899E-002   7.7509622749637055        17.597394459899785     
  0.70468795531014050        3.3007397817040068E-002   6.4868216304207013E-002   7.6449512099466750        15.679280827832416     
  0.74081807938186928        2.5010140105000269E-002   5.5251763781690888E-002   7.4940126978588957        13.878218328291844     
  0.77880063452695869        1.7435434632218139E-002   4.5308797919403038E-002   7.2794091363674935        12.172619307222879     
  0.81873059691749817        1.0186189679098904E-002   3.4434649271328166E-002   7.0290152669069137        10.611251014253439     
  0.86070781225805559        4.6175282258562973E-003   2.4348566214225591E-002   6.7286391718103680        9.1723451305357369     
  0.90483724545193578        9.8371846583042021E-004   1.4918681373800426E-002   6.4042995779388319        7.8848597805610972     
  0.95122924306811707        1.2566349643942671E-004   7.4996494214116544E-003   6.0457012799788448        6.7265981966058996     
  0.99999980926515564        2.5227954572020587E-003   2.3306162424036854E-003   5.6764220814187798        5.7120895073253282     
   1.0512708958619938        8.3592214538349089E-003   3.1206089888786493E-004   5.2885133000091962        4.8187852448702548     
   1.1051707072810442        1.8229748811349394E-002   1.9805981677209318E-003   4.9019111547747674        4.0511350684545340     
   1.1618340211260101        3.1610548440786534E-002   7.7163074789455928E-003   4.5106696591297490        3.3881223164883858     
   1.2214025251961040        4.9190450783562475E-002   1.8305979889646128E-002   4.1311827874461731        2.8285812096265004     
   1.2840251717793534        6.9802041294890052E-002   3.3650342057353372E-002   3.7584553340267020        2.3537083972968347     
   1.3498585501108922        9.4174439853771413E-002   5.4741183494084987E-002   3.4050233395816738        1.9594548934674922     
   1.4190672779276288       0.12072049478654433        8.1134556459520571E-002   3.0670264525405888        1.6303495660502163     
   1.4918244130983194       0.15030721373651493       0.11410011675019917        2.7538201980609851        1.3616502717538075     
   1.5683118863583871       0.18112448423685137       0.15303029234595805        2.4621471987369858        1.1410594218955761     
   1.6487209562315333       0.21413596458413603       0.19949655543313707        2.1984308604252090       0.96403959058827182     
   1.7332526872756489       0.24767819500452493       0.25308002407299013        1.9606625747683046       0.82160979107904875     
   1.8221184528489625       0.28293737096474370       0.31588934403703928        1.7534116611605985       0.71009353945292253     
   1.9155404636535147       0.31855696454777260       0.38802424456392598        1.5759527224523779       0.62316393592999164     
   2.0137523233776657       0.35584604661871644       0.47228779230698015        1.4318987338378935       0.55803157768463785     
   2.1169996128270059       0.39416076107668774       0.56998509359869676        1.3231946659843552       0.51080552682037739     
   2.2255405040042664       0.43513886627704129       0.68527303636110815        1.2546880152791662       0.47975913842280904     
   2.3396464056738120       0.47914899482047096       0.82170373164406607        1.2328527360271273       0.46297636121710273     
   2.4596026420249339       0.52824473063491073       0.98574686602742967        1.2663862977378850       0.45964106857824011     
   2.5857091661309148       0.58445340088771081        1.1850550122508980        1.3700100947174159       0.46961013806600987     
   2.7182813099879839       0.64983630617774213        1.4284349475171159        1.5597786961776199       0.49242819970986845     
   2.8576505730095247       0.72745342015608883        1.7274827959606232        1.8611236939507445       0.52867555278932232     
   3.0041654509472928       0.82196621701712613        2.0985437698772040        2.3100917137960004       0.57982218805821195     
   3.1581923073123357       0.94037288459761048        2.5648202363604167        2.9581972313480729       0.64840627395021588     
   3.3201162894745604        2.7836160004871842E-008   5.4085197962153881E-008   3.7635412416983571E-008   0.0000000000000000     
   3.4903422917318205        0.0000000000000000        0.0000000000000000        0.0000000000000000        0.0000000000000000     
   3.6692959677565180        0.0000000000000000        0.0000000000000000        0.0000000000000000        0.0000000000000000     
   3.8574247949515148        0.0000000000000000        0.0000000000000000        0.0000000000000000        0.0000000000000000     
   4.0551991933767413        0.0000000000000000        0.0000000000000000        0.0000000000000000        0.0000000000000000     
   4.2631137020443308        0.0000000000000000        0.0000000000000000        0.0000000000000000        0.0000000000000000     
   4.4816882155237971        0.0000000000000000        0.0000000000000000        0.0000000000000000        0.0000000000000000     
   4.7114692839492127        0.0000000000000000        0.0000000000000000        0.0000000000000000        0.0000000000000000     
   4.9530314796792441        0.0000000000000000        0.0000000000000000        0.0000000000000000        0.0000000000000000     
   5.2069788340273639        0.0000000000000000        0.0000000000000000        0.0000000000000000        0.0000000000000000     
   5.4739463476546923        0.0000000000000000        0.0000000000000000        0.0000000000000000        0.0000000000000000     
   5.7546015784024842        0.0000000000000000        0.0000000000000000        0.0000000000000000        0.0000000000000000     
   6.0496463105343823        0.0000000000000000        0.0000000000000000        0.0000000000000000        0.0000000000000000     
   6.3598183095626428        0.0000000000000000        0.0000000000000000        0.0000000000000000        0.0000000000000000     
   6.6858931670462356        0.0000000000000000        0.0000000000000000        0.0000000000000000        0.0000000000000000     
   7.0286862399736565        0.0000000000000000        0.0000000000000000        0.0000000000000000        0.0000000000000000     
   7.3890546895801847        0.0000000000000000        0.0000000000000000        0.0000000000000000        0.0000000000000000     
   7.7678996246973684        0.0000000000000000        0.0000000000000000        0.0000000000000000        0.0000000000000000     
   8.1661683549945003        0.0000000000000000        0.0000000000000000        0.0000000000000000        0.0000000000000000     
   8.5848567597462662        0.0000000000000000        0.0000000000000000        0.0000000000000000        0.0000000000000000     
   9.0250117780495689        0.0000000000000000        0.0000000000000000        0.0000000000000000        0.0000000000000000     
   9.4877340267167067        0.0000000000000000        0.0000000000000000        0.0000000000000000        0.0000000000000000     
   9.9741805523905889        0.0000000000000000        0.0000000000000000        0.0000000000000000        0.0000000000000000     
   10.485567724764062        0.0000000000000000        0.0000000000000000        0.0000000000000000        0.0000000000000000     
   11.023174278137773        0.0000000000000000        0.0000000000000000        0.0000000000000000        0.0000000000000000     
   11.588344508921873        0.0000000000000000        0.0000000000000000        0.0000000000000000        0.0000000000000000     
   12.182491637077383        0.0000000000000000        0.0000000000000000        0.0000000000000000        0.0000000000000000     
   12.807101339902093        0.0000000000000000        0.0000000000000000        0.0000000000000000        0.0000000000000000     
   13.463735466997706        0.0000000000000000        0.0000000000000000        0.0000000000000000        0.0000000000000000     
   14.154035945707449        0.0000000000000000        0.0000000000000000        0.0000000000000000        0.0000000000000000     
   14.879728886789509        0.0000000000000000        0.0000000000000000        0.0000000000000000        0.0000000000000000     
   15.642628900593213        0.0000000000000000        0.0000000000000000        0.0000000000000000        0.0000000000000000     
   16.444643634529918        0.0000000000000000        0.0000000000000000        0.0000000000000000        0.0000000000000000     
   17.287778543185254        0.0000000000000000        0.0000000000000000        0.0000000000000000        0.0000000000000000     
   18.174141903000280        0.0000000000000000        0.0000000000000000        0.0000000000000000        0.0000000000000000     
   19.105950084060524        0.0000000000000000        0.0000000000000000        0.0000000000000000        0.0000000000000000     
   20.085533092175908        0.0000000000000000        0.0000000000000000        0.0000000000000000        0.0000000000000000     
   21.115340395108696        0.0000000000000000        0.0000000000000000        0.0000000000000000        0.0000000000000000     
   22.197947047518841        0.0000000000000000        0.0000000000000000        0.0000000000000000        0.0000000000000000     
   23.336060129942076        0.0000000000000000        0.0000000000000000        0.0000000000000000        0.0000000000000000     
   24.532525517901004        0.0000000000000000        0.0000000000000000        0.0000000000000000        0.0000000000000000     
   25.790334998076592        0.0000000000000000        0.0000000000000000        0.0000000000000000        0.0000000000000000     
   27.112633749332943        0.0000000000000000        0.0000000000000000        0.0000000000000000        0.0000000000000000     
   28.502728207302802        0.0000000000000000        0.0000000000000000        0.0000000000000000        0.0000000000000000     
   29.964094332199064        0.0000000000000000        0.0000000000000000        0.0000000000000000        0.0000000000000000     
   31.500386300525484        0.0000000000000000        0.0000000000000000        0.0000000000000000        0.0000000000000000     
   33.115445642421740        0.0000000000000000        0.0000000000000000        0.0000000000000000        0.0000000000000000     
   34.813310847489355        0.0000000000000000        0.0000000000000000        0.0000000000000000        0.0000000000000000     
   36.598227463119422        0.0000000000000000        0.0000000000000000        0.0000000000000000        0.0000000000000000     
   38.474658710572697        0.0000000000000000        0.0000000000000000        0.0000000000000000        0.0000000000000000     
   40.447296645357056        0.0000000000000000        0.0000000000000000        0.0000000000000000        0.0000000000000000     
