 nabs, iphabs - CFAVERAGE data
       1       0 100000.00000
 ipol, ispin, le2, elpty, angks
    0    0    0      0.0000      0.0000
evec         xivec        spvec
      0.00000      0.00000      0.00000
      0.00000      0.00000      0.00000
      0.00000      0.00000      0.00000
 polarization tensor 
      0.33333      0.00000      0.00000      0.00000      0.00000      0.00000
      0.00000      0.00000      0.33333      0.00000      0.00000      0.00000
      0.00000      0.00000      0.00000      0.00000      0.33333      0.00000
