#  Fermi level (eV): -12.017
#  Charge transfer :   0.108
#    Electron counts for each orbital momentum:
#       0      0.477
#       1      0.671
#       2      8.744
#  Number of atoms in cluster:  57
#  Lorentzian broadening with HWHH     0.1000 eV
# -----------------------------------------------------------------------
#      e        sDOS           pDOS          dDOS          fDOS    @#
   -20.0000  1.836684E-01  3.765792E-01  1.780815E-01
   -19.8997  1.465549E-01  3.287273E-01  2.484251E-01
   -19.7993  1.027485E-01  2.277328E-01  2.995748E-01
   -19.6990  7.302139E-02  1.205636E-01  3.153115E-01
   -19.5987  5.480308E-02  6.932039E-02  2.933852E-01
   -19.4983  4.343900E-02  4.979985E-02  2.481221E-01
   -19.3980  3.607835E-02  4.474601E-02  2.064796E-01
   -19.2977  3.120613E-02  4.686226E-02  1.797576E-01
   -19.1973  2.808053E-02  5.209183E-02  1.676352E-01
   -19.0970  2.647036E-02  5.692399E-02  1.622374E-01
   -18.9967  2.663606E-02  5.872209E-02  1.551564E-01
   -18.8963  2.952910E-02  5.719423E-02  1.477381E-01
   -18.7960  3.712345E-02  5.426425E-02  1.440788E-01
   -18.6957  5.156678E-02  5.247840E-02  1.459458E-01
   -18.5953  6.836356E-02  5.417435E-02  1.546805E-01
   -18.4950  7.164634E-02  6.210609E-02  1.738325E-01
   -18.3946  5.983324E-02  8.142757E-02  2.128315E-01
   -18.2943  4.581858E-02  1.240171E-01  2.957414E-01
   -18.1940  3.500503E-02  2.130206E-01  4.864403E-01
   -18.0936  2.734323E-02  3.288576E-01  9.287808E-01
   -17.9933  2.189127E-02  3.056055E-01  1.476714E+00
   -17.8930  1.791326E-02  2.209084E-01  1.175930E+00
   -17.7926  1.493399E-02  1.750110E-01  7.287664E-01
   -17.6923  1.265055E-02  1.244856E-01  4.488818E-01
   -17.5920  1.086745E-02  8.821741E-02  3.096666E-01
   -17.4916  9.452797E-03  8.652736E-02  2.462806E-01
   -17.3913  8.315611E-03  9.837739E-02  2.304927E-01
   -17.2910  7.391311E-03  7.431806E-02  2.377283E-01
   -17.1906  6.633011E-03  4.875770E-02  2.058093E-01
   -17.0903  6.005679E-03  3.452480E-02  1.657565E-01
   -16.9900  5.483365E-03  2.645031E-02  1.397062E-01
   -16.8896  5.046140E-03  2.141029E-02  1.231529E-01
   -16.7893  4.678678E-03  1.799142E-02  1.120728E-01
   -16.6890  4.369017E-03  1.551726E-02  1.044166E-01
   -16.5886  4.107835E-03  1.363556E-02  9.912541E-02
   -16.4883  3.887804E-03  1.215109E-02  9.561960E-02
   -16.3880  3.703225E-03  1.094949E-02  9.356505E-02
   -16.2876  3.549402E-03  9.961106E-03  9.277334E-02
   -16.1873  3.422768E-03  9.141041E-03  9.315032E-02
   -16.0870  3.320609E-03  8.459155E-03  9.467415E-02
   -15.9866  3.240711E-03  7.893804E-03  9.738837E-02
   -15.8863  3.181508E-03  7.428252E-03  1.014045E-01
   -15.7860  3.141901E-03  7.049767E-03  1.069173E-01
   -15.6856  3.121201E-03  6.747903E-03  1.142332E-01
   -15.5853  3.119101E-03  6.514454E-03  1.238258E-01
   -15.4849  3.135727E-03  6.342892E-03  1.364299E-01
   -15.3846  3.171480E-03  6.228018E-03  1.532231E-01
   -15.2843  3.227255E-03  6.165950E-03  1.761781E-01
   -15.1839  3.304221E-03  6.153978E-03  2.088060E-01
   -15.0836  3.404134E-03  6.189901E-03  2.578255E-01
   -14.9833  3.529278E-03  6.272163E-03  3.372311E-01
   -14.8829  3.683118E-03  6.399481E-03  4.785527E-01
   -14.7826  3.871198E-03  6.570742E-03  7.521268E-01
   -14.6823  4.101276E-03  6.784986E-03  1.233728E+00
   -14.5819  4.366427E-03  7.030160E-03  1.540330E+00
   -14.4816  4.656837E-03  7.276790E-03  1.236166E+00
   -14.3813  5.004552E-03  7.511118E-03  9.479975E-01
   -14.2809  5.448686E-03  7.740324E-03  8.644787E-01
   -14.1806  6.044072E-03  8.119813E-03  9.186960E-01
   -14.0803  6.701245E-03  9.022682E-03  1.063987E+00
   -13.9799  7.340039E-03  1.068796E-02  1.291791E+00
   -13.8796  8.343530E-03  1.229194E-02  1.715479E+00
   -13.7793  1.033433E-02  1.319964E-02  2.847858E+00
   -13.6789  1.420138E-02  1.382547E-02  5.007642E+00
   -13.5786  1.872327E-02  1.404679E-02  5.649079E+00
   -13.4783  3.055740E-02  1.473395E-02  5.195768E+00
   -13.3779  5.941183E-02  1.831720E-02  4.750387E+00
   -13.2776  1.031587E-01  2.822072E-02  5.951409E+00
   -13.1773  9.731703E-02  4.213511E-02  7.390672E+00
   -13.0769  6.280478E-02  4.872572E-02  3.968078E+00
   -12.9766  4.168234E-02  4.708657E-02  2.226231E+00
   -12.8763  3.040267E-02  4.285039E-02  1.632663E+00
   -12.7759  2.377353E-02  3.853562E-02  1.423369E+00
   -12.6756  1.944539E-02  3.527781E-02  1.363727E+00
   -12.5753  1.645057E-02  3.343245E-02  1.327663E+00
   -12.4749  1.425969E-02  3.162522E-02  1.358692E+00
   -12.3746  1.249879E-02  2.832079E-02  1.509700E+00
   -12.2742  1.101681E-02  2.499527E-02  1.782233E+00
   -12.1739  9.846411E-03  2.232324E-02  2.175548E+00
   -12.0736  8.966404E-03  1.989356E-02  2.631312E+00
   -11.9732  8.306531E-03  1.739572E-02  2.920297E+00
   -11.8729  7.806738E-03  1.486430E-02  2.711747E+00
   -11.7726  7.426801E-03  1.269768E-02  2.076532E+00
   -11.6722  7.141801E-03  1.105824E-02  1.428977E+00
   -11.5719  6.936577E-03  9.837183E-03  9.643470E-01
   -11.4716  6.801175E-03  8.915761E-03  6.659926E-01
   -11.3712  6.729584E-03  8.204608E-03  4.767532E-01
   -11.2709  6.718504E-03  7.642104E-03  3.539155E-01
   -11.1706  6.766944E-03  7.189268E-03  2.714918E-01
   -11.0702  6.876029E-03  6.821403E-03  2.142886E-01
   -10.9699  7.049231E-03  6.522278E-03  1.733245E-01
   -10.8696  7.291657E-03  6.280736E-03  1.431585E-01
   -10.7692  7.611570E-03  6.089318E-03  1.203893E-01
   -10.6689  8.020028E-03  5.942574E-03  1.028274E-01
   -10.5686  8.531983E-03  5.836816E-03  8.902080E-02
   -10.4682  9.167063E-03  5.769529E-03  7.798195E-02
   -10.3679  9.950657E-03  5.739371E-03  6.902553E-02
   -10.2676  1.091686E-02  5.745872E-03  6.166186E-02
   -10.1672  1.210921E-02  5.789516E-03  5.553718E-02
   -10.0669  1.358496E-02  5.871499E-03  5.039042E-02
    -9.9666  1.541770E-02  5.994193E-03  4.602538E-02
    -9.8662  1.770287E-02  6.160587E-03  4.229269E-02
    -9.7659  2.055824E-02  6.375191E-03  3.907799E-02
    -9.6656  2.412600E-02  6.643693E-03  3.629207E-02
    -9.5652  2.855871E-02  6.973417E-03  3.386418E-02
    -9.4649  3.398648E-02  7.373653E-03  3.173805E-02
    -9.3645  4.044347E-02  7.856231E-03  2.986928E-02
    -9.2642  4.773452E-02  8.436206E-03  2.822110E-02
    -9.1639  5.527625E-02  9.132368E-03  2.676438E-02
    -9.0635  6.202610E-02  9.969051E-03  2.547525E-02
    -8.9632  6.671437E-02  1.097699E-02  2.433393E-02
    -8.8629  6.841558E-02  1.219543E-02  2.332436E-02
    -8.7625  6.706175E-02  1.367529E-02  2.243370E-02
    -8.6622  6.341788E-02  1.548190E-02  2.165158E-02
    -8.5619  5.856929E-02  1.769966E-02  2.096966E-02
    -8.4615  5.344521E-02  2.043605E-02  2.038172E-02
    -8.3612  4.862970E-02  2.382867E-02  1.988364E-02
    -8.2609  4.440115E-02  2.804660E-02  1.947272E-02
    -8.1605  4.084177E-02  3.329164E-02  1.914836E-02
    -8.0602  3.793481E-02  3.978171E-02  1.891171E-02
    -7.9599  3.562049E-02  4.771157E-02  1.876602E-02
    -7.8595  3.382981E-02  5.716588E-02  1.871708E-02
    -7.7592  3.249843E-02  6.797134E-02  1.877352E-02
    -7.6589  3.157288E-02  7.951678E-02  1.894804E-02
    -7.5585  3.101248E-02  9.064171E-02  1.925684E-02
    -7.4582  3.078836E-02  9.981030E-02  1.972232E-02
    -7.3579  3.088259E-02  1.056447E-01  2.037396E-02
    -7.2575  3.128912E-02  1.075475E-01  2.124955E-02
    -7.1572  3.201149E-02  1.059252E-01  2.239675E-02
    -7.0569  3.306383E-02  1.018483E-01  2.387319E-02
    -6.9565  3.447178E-02  9.650950E-02  2.574242E-02
    -6.8562  3.627232E-02  9.085637E-02  2.806021E-02
    -6.7559  3.851666E-02  8.548577E-02  3.084171E-02
    -6.6555  4.127191E-02  8.070238E-02  3.399240E-02
    -6.5552  4.462409E-02  7.661478E-02  3.720166E-02
    -6.4548  4.868324E-02  7.321827E-02  3.984907E-02
    -6.3545  5.358611E-02  7.045147E-02  4.109299E-02
    -6.2542  5.950400E-02  6.822728E-02  4.029875E-02
    -6.1538  6.664448E-02  6.645209E-02  3.755008E-02
    -6.0535  7.525719E-02  6.503444E-02  3.364484E-02
    -5.9532  8.563067E-02  6.388914E-02  2.953917E-02
    -5.8528  9.807670E-02  6.294158E-02  2.587740E-02
    -5.7525  1.128902E-01  6.212882E-02  2.291876E-02
    -5.6522  1.302780E-01  6.140228E-02  2.067784E-02
    -5.5518  1.502167E-01  6.072937E-02  1.906742E-02
    -5.4515  1.722652E-01  6.009419E-02  1.797785E-02
    -5.3512  1.953448E-01  5.949865E-02  1.731064E-02
    -5.2508  2.176135E-01  5.896124E-02  1.698842E-02
    -5.1505  2.366350E-01  5.851606E-02  1.695319E-02
    -5.0502  2.499707E-01  5.821133E-02  1.716340E-02
    -4.9498  2.560128E-01  5.810758E-02  1.758962E-02
    -4.8495  2.545984E-01  5.827689E-02  1.821137E-02
    -4.7492  2.469600E-01  5.880248E-02  1.901493E-02
    -4.6488  2.351139E-01  5.977915E-02  1.999223E-02
    -4.5485  2.211344E-01  6.131491E-02  2.114049E-02
    -4.4482  2.066845E-01  6.353253E-02  2.246332E-02
    -4.3478  1.928800E-01  6.656860E-02  2.397153E-02
    -4.2475  1.803537E-01  7.057247E-02  2.568439E-02
    -4.1472  1.693976E-01  7.569841E-02  2.762996E-02
    -4.0468  1.600919E-01  8.208582E-02  2.984403E-02
    -3.9465  1.524029E-01  8.983374E-02  3.236963E-02
    -3.8462  1.462453E-01  9.895154E-02  3.525350E-02
    -3.7458  1.415158E-01  1.093027E-01  3.854321E-02
    -3.6455  1.381092E-01  1.205538E-01  4.228344E-02
    -3.5452  1.359213E-01  1.321540E-01  4.651164E-02
    -3.4448  1.348439E-01  1.433826E-01  5.125533E-02
    -3.3445  1.347566E-01  1.534829E-01  5.653497E-02
    -3.2441  1.355211E-01  1.618344E-01  6.237567E-02
    -3.1438  1.369749E-01  1.680906E-01  6.882680E-02
    -3.0435  1.389333E-01  1.722210E-01  7.598510E-02
    -2.9431  1.411932E-01  1.744342E-01  8.399679E-02
    -2.8428  1.435391E-01  1.750453E-01  9.302249E-02
    -2.7425  1.457496E-01  1.743593E-01  1.031643E-01
    -2.6421  1.476029E-01  1.726103E-01  1.143596E-01
    -2.5418  1.488857E-01  1.699691E-01  1.262870E-01
    -2.4415  1.494009E-01  1.665967E-01  1.383095E-01
    -2.3411  1.489837E-01  1.626927E-01  1.495028E-01
    -2.2408  1.475155E-01  1.585072E-01  1.587944E-01
    -2.1405  1.449381E-01  1.543154E-01  1.652047E-01
    -2.0401  1.412636E-01  1.503703E-01  1.681094E-01
    -1.9398  1.365717E-01  1.468690E-01  1.674014E-01
    -1.8395  1.310050E-01  1.439419E-01  1.634785E-01
    -1.7391  1.247487E-01  1.416589E-01  1.570747E-01
    -1.6388  1.180110E-01  1.400464E-01  1.490415E-01
    -1.5385  1.110010E-01  1.391019E-01  1.401639E-01
    -1.4381  1.039116E-01  1.388093E-01  1.310659E-01
    -1.3378  9.690688E-02  1.391462E-01  1.221850E-01
    -1.2375  9.011725E-02  1.400905E-01  1.137939E-01
    -1.1371  8.363746E-02  1.416220E-01  1.060394E-01
    -1.0368  7.753070E-02  1.437251E-01  9.898020E-02
    -0.9365  7.183291E-02  1.463876E-01  9.262079E-02
    -0.8361  6.655766E-02  1.496012E-01  8.692888E-02
    -0.7358  6.170346E-02  1.533598E-01  8.185920E-02
    -0.6355  5.725642E-02  1.576591E-01  7.735776E-02
    -0.5351  5.319603E-02  1.624946E-01  7.336996E-02
    -0.4348  4.949723E-02  1.678595E-01  6.984142E-02
    -0.3344  4.613269E-02  1.737452E-01  6.672794E-02
    -0.2341  4.307450E-02  1.801371E-01  6.398336E-02
    -0.1338  4.029563E-02  1.870138E-01  6.156868E-02
    -0.0334  3.777029E-02  1.943450E-01  5.944942E-02
     0.0669  3.547382E-02  2.020916E-01  5.759453E-02
     0.1672  3.338415E-02  2.102030E-01  5.597650E-02
     0.2676  3.148099E-02  2.186173E-01  5.457100E-02
     0.3679  2.974560E-02  2.272638E-01  5.335549E-02
     0.4682  2.816131E-02  2.360620E-01  5.230938E-02
     0.5686  2.671307E-02  2.449269E-01  5.141354E-02
     0.6689  2.538759E-02  2.537711E-01  5.065000E-02
     0.7692  2.417265E-02  2.625107E-01  5.000174E-02
     0.8696  2.305759E-02  2.710694E-01  4.945274E-02
     0.9699  2.203284E-02  2.793822E-01  4.898821E-02
     1.0702  2.108976E-02  2.874002E-01  4.859459E-02
     1.1706  2.022077E-02  2.950918E-01  4.826000E-02
     1.2709  1.941896E-02  3.024438E-01  4.797446E-02
     1.3712  1.867826E-02  3.094586E-01  4.772994E-02
     1.4716  1.799319E-02  3.161539E-01  4.752050E-02
     1.5719  1.735891E-02  3.225567E-01  4.734247E-02
     1.6722  1.677095E-02  3.286984E-01  4.719362E-02
     1.7726  1.622543E-02  3.346121E-01  4.707361E-02
     1.8729  1.571882E-02  3.403248E-01  4.698316E-02
     1.9732  1.524787E-02  3.458553E-01  4.692361E-02
     2.0736  1.480976E-02  3.512079E-01  4.689704E-02
     2.1739  1.440187E-02  3.563710E-01  4.690555E-02
     2.2742  1.402190E-02  3.613158E-01  4.695128E-02
     2.3746  1.366772E-02  3.659924E-01  4.703615E-02
     2.4749  1.333737E-02  3.703331E-01  4.716176E-02
     2.5753  1.302917E-02  3.742508E-01  4.732932E-02
     2.6756  1.274150E-02  3.776450E-01  4.753982E-02
     2.7759  1.247294E-02  3.804041E-01  4.779364E-02
     2.8763  1.222217E-02  3.824116E-01  4.809111E-02
     2.9766  1.198803E-02  3.835522E-01  4.843206E-02
     3.0769  1.176942E-02  3.837199E-01  4.881617E-02
     3.1773  1.156532E-02  3.828263E-01  4.924291E-02
     3.2776  1.137485E-02  3.808047E-01  4.971139E-02
     3.3779  1.119716E-02  3.776194E-01  5.022084E-02
     3.4783  1.103151E-02  3.732666E-01  5.077022E-02
     3.5786  1.087713E-02  3.677777E-01  5.135843E-02
     3.6789  1.073348E-02  3.612168E-01  5.198441E-02
     3.7793  1.059990E-02  3.536770E-01  5.264708E-02
     3.8796  1.047586E-02  3.452766E-01  5.334516E-02
     3.9799  1.036086E-02  3.361498E-01  5.407771E-02
     4.0803  1.025444E-02  3.264405E-01  5.484366E-02
     4.1806  1.015617E-02  3.162960E-01  5.564216E-02
     4.2809  1.006567E-02  3.058595E-01  5.647230E-02
     4.3813  9.982533E-03  2.952641E-01  5.733354E-02
     4.4816  9.906476E-03  2.846319E-01  5.822537E-02
     4.5819  9.837150E-03  2.740682E-01  5.914749E-02
     4.6823  9.774269E-03  2.636644E-01  6.009970E-02
     4.7826  9.717583E-03  2.534935E-01  6.108215E-02
     4.8829  9.666851E-03  2.436150E-01  6.209517E-02
     4.9833  9.621818E-03  2.340728E-01  6.313932E-02
     5.0836  9.582270E-03  2.248983E-01  6.421528E-02
     5.1839  9.548010E-03  2.161129E-01  6.532415E-02
     5.2843  9.518883E-03  2.077280E-01  6.646721E-02
     5.3846  9.494668E-03  1.997474E-01  6.764592E-02
     5.4849  9.475250E-03  1.921698E-01  6.886199E-02
     5.5853  9.460430E-03  1.849877E-01  7.011754E-02
     5.6856  9.450117E-03  1.781914E-01  7.141462E-02
     5.7860  9.444138E-03  1.717676E-01  7.275572E-02
     5.8863  9.442381E-03  1.657017E-01  7.414346E-02
     5.9866  9.444739E-03  1.599777E-01  7.558064E-02
     6.0870  9.451095E-03  1.545797E-01  7.707019E-02
     6.1873  9.461345E-03  1.494899E-01  7.861537E-02
     6.2876  9.475395E-03  1.446922E-01  8.021947E-02
     6.3880  9.493150E-03  1.401701E-01  8.188584E-02
     6.4883  9.514519E-03  1.359074E-01  8.361806E-02
     6.5886  9.539398E-03  1.318887E-01  8.541980E-02
     6.6890  9.567746E-03  1.280994E-01  8.729475E-02
     6.7893  9.599440E-03  1.245255E-01  8.924648E-02
     6.8896  9.634428E-03  1.211536E-01  9.127897E-02
     6.9900  9.672607E-03  1.179711E-01  9.339582E-02
     7.0903  9.713935E-03  1.149664E-01  9.560062E-02
     7.1906  9.758349E-03  1.121283E-01  9.789705E-02
     7.2910  9.805740E-03  1.094464E-01  1.002883E-01
     7.3913  9.856022E-03  1.069112E-01  1.027778E-01
     7.4916  9.909180E-03  1.045132E-01  1.053686E-01
     7.5920  9.965092E-03  1.022442E-01  1.080631E-01
     7.6923  1.002370E-02  1.000963E-01  1.108634E-01
     7.7926  1.008493E-02  9.806182E-02  1.137718E-01
     7.8930  1.014872E-02  9.613401E-02  1.167894E-01
     7.9933  1.021494E-02  9.430658E-02  1.199164E-01
     8.0936  1.028356E-02  9.257326E-02  1.231532E-01
     8.1940  1.035448E-02  9.092862E-02  1.264986E-01
     8.2943  1.042758E-02  8.936738E-02  1.299505E-01
     8.3946  1.050281E-02  8.788474E-02  1.335062E-01
     8.4950  1.058006E-02  8.647585E-02  1.371615E-01
     8.5953  1.065924E-02  8.513672E-02  1.409109E-01
     8.6957  1.074021E-02  8.386347E-02  1.447473E-01
     8.7960  1.082289E-02  8.265207E-02  1.486626E-01
     8.8963  1.090717E-02  8.149927E-02  1.526470E-01
     8.9967  1.099294E-02  8.040164E-02  1.566885E-01
     9.0970  1.108005E-02  7.935616E-02  1.607740E-01
     9.1973  1.116838E-02  7.836013E-02  1.648884E-01
     9.2977  1.125782E-02  7.741069E-02  1.690151E-01
     9.3980  1.134820E-02  7.650525E-02  1.731360E-01
     9.4983  1.143941E-02  7.564162E-02  1.772311E-01
     9.5987  1.153127E-02  7.481758E-02  1.812788E-01
     9.6990  1.162367E-02  7.403091E-02  1.852580E-01
     9.7993  1.171641E-02  7.327971E-02  1.891447E-01
     9.8997  1.180936E-02  7.256212E-02  1.929156E-01
    10.0000  1.190235E-02  7.187645E-02  1.965471E-01
