# # Cu                                                           FEFF 9.1    
# # POT  SCF  30  4.0000   0, screened core-hole, AFOLP (folp(0)= 1.150)
# # Abs   Z=29 Rmt= 1.362 Rnm= 1.399 K  shell
# # Pot 1 Z=29 Rmt= 1.362 Rnm= 1.399
# # Gam_ch=1.729E+00 H-L exch
# # Mu=-7.737E+00 kf=1.992E+00 Vint=-1.662E+01 Rs_int= 1.821
# FMS rfms= 4.0000
# # PATH  Rmax=-1.000,  Keep_limit= 0.00, Heap_limit 0.00  Pwcrit= 2.50%
#  S02=1.000                                        Global_sig2= 0.00000
#  Curved wave amplitude ratio filter   4.000%
#     file         sig2 tot  cw amp ratio   deg  nlegs   reff  inp sig2
#     0/   0 paths used
#  xsedge+ 50, used to normalize mu           2.4171E-04
#  -----------------------------------------------------------------------
#  omega    e    k    mu    mu0     chi     @#
    8979.411    -16.773  -1.540  2.42297E-02  2.67907E-02 -2.56092E-03
    8980.979    -15.204  -1.400  2.86271E-02  3.20529E-02 -3.42587E-03
    8982.398    -13.786  -1.260  3.43253E-02  3.89998E-02 -4.67451E-03
    8983.667    -12.516  -1.120  4.19199E-02  4.84308E-02 -6.51089E-03
    8984.787    -11.396  -0.980  5.23944E-02  6.16640E-02 -9.26956E-03
    8985.758    -10.425  -0.840  6.74317E-02  8.09438E-02 -1.35121E-02
    8986.580     -9.604  -0.700  8.99184E-02  1.10097E-01 -2.01787E-02
    8987.252     -8.932  -0.560  1.24265E-01  1.54937E-01 -3.06720E-02
    8987.774     -8.409  -0.420  1.73827E-01  2.19860E-01 -4.60328E-02
    8988.014     -8.169  -0.337  2.08022E-01  2.64704E-01 -5.66823E-02
    8988.447     -7.737   0.000  2.88825E-01  3.70701E-01 -8.18766E-02
    8988.879     -7.305   0.337  3.71188E-01  4.79694E-01 -1.08506E-01
    8989.311     -6.872   0.476  4.32120E-01  5.61786E-01 -1.29666E-01
    8989.743     -6.440   0.583  4.72799E-01  6.19165E-01 -1.46365E-01
    8990.176     -6.008   0.674  5.00952E-01  6.61630E-01 -1.60678E-01
    8990.608     -5.575   0.753  5.21945E-01  6.95264E-01 -1.73318E-01
    8990.705     -5.478   0.770  5.25955E-01  7.02007E-01 -1.76052E-01
    8991.135     -5.049   0.840  5.42449E-01  7.28897E-01 -1.86448E-01
    8991.602     -4.582   0.910  5.58920E-01  7.54134E-01 -1.95214E-01
    8992.106     -4.078   0.980  5.76815E-01  7.77914E-01 -2.01099E-01
    8992.647     -3.536   1.050  5.97561E-01  8.00362E-01 -2.02801E-01
    8993.226     -2.958   1.120  6.22340E-01  8.21499E-01 -1.99160E-01
    8993.842     -2.342   1.190  6.51861E-01  8.41286E-01 -1.89425E-01
    8994.495     -1.688   1.260  6.86213E-01  8.59688E-01 -1.73475E-01
    8995.186     -0.997   1.330  7.24582E-01  8.76606E-01 -1.52024E-01
    8995.914     -0.269   1.400  7.65435E-01  8.92035E-01 -1.26600E-01
    8996.680      0.496   1.470  8.06737E-01  9.05906E-01 -9.91691E-02
    8997.482      1.299   1.540  8.46918E-01  9.18213E-01 -7.12951E-02
    8998.322      2.139   1.610  8.85794E-01  9.28935E-01 -4.31412E-02
    8999.200      3.016   1.680  9.25229E-01  9.38143E-01 -1.29142E-02
    9000.115      3.931   1.750  9.68616E-01  9.45853E-01  2.27628E-02
    9001.067      4.883   1.820  1.01944E+00  9.52126E-01  6.73177E-02
    9002.056      5.873   1.890  1.07881E+00  9.57073E-01  1.21734E-01
    9003.083      6.900   1.960  1.14217E+00  9.60743E-01  1.81429E-01
    9004.147      7.964   2.030  1.19726E+00  9.63270E-01  2.33987E-01
    9005.249      9.065   2.100  1.22594E+00  9.64748E-01  2.61197E-01
    9006.387     10.204   2.170  1.21245E+00  9.64916E-01  2.47533E-01
    9007.564     11.380   2.240  1.15393E+00  9.62944E-01  1.90982E-01
    9008.777     12.594   2.310  1.07067E+00  9.59542E-01  1.11128E-01
    9010.028     13.844   2.380  9.98410E-01  9.60616E-01  3.77941E-02
    9011.316     15.132   2.450  9.54358E-01  9.70294E-01 -1.59355E-02
    9012.641     16.458   2.520  9.28052E-01  9.78454E-01 -5.04015E-02
    9014.004     17.821   2.590  9.15622E-01  9.83310E-01 -6.76884E-02
    9015.404     19.221   2.660  9.13474E-01  9.86406E-01 -7.29315E-02
    9016.842     20.658   2.730  9.21143E-01  9.88898E-01 -6.77547E-02
    9018.317     22.133   2.800  9.36157E-01  9.90328E-01 -5.41715E-02
    9019.829     23.646   2.870  9.55203E-01  9.91497E-01 -3.62942E-02
    9021.379     25.195   2.940  9.75598E-01  9.92155E-01 -1.65564E-02
    9022.965     26.782   3.010  9.96221E-01  9.93523E-01  2.69745E-03
    9024.590     28.406   3.080  1.01362E+00  9.94554E-01  1.90637E-02
    9026.251     30.068   3.150  1.02714E+00  9.95704E-01  3.14409E-02
    9027.950     31.767   3.220  1.03583E+00  9.95660E-01  4.01706E-02
    9029.686     33.503   3.290  1.04107E+00  9.95992E-01  4.50769E-02
    9031.460     35.276   3.360  1.04226E+00  9.97110E-01  4.51462E-02
    9033.271     37.087   3.430  1.03653E+00  9.97963E-01  3.85664E-02
    9035.119     38.935   3.500  1.02338E+00  9.98976E-01  2.44005E-02
    9037.004     40.821   3.570  1.00297E+00  1.00000E+00  2.97214E-03
    9038.927     42.744   3.640  9.76804E-01  1.00015E+00 -2.33503E-02
    9040.888     44.704   3.710  9.49942E-01  1.00101E+00 -5.10674E-02
    9042.885     46.702   3.780  9.26029E-01  1.00252E+00 -7.64918E-02
    9044.920     48.737   3.850  9.07807E-01  1.00398E+00 -9.61702E-02
    9046.992     50.809   3.920  8.98278E-01  1.00541E+00 -1.07128E-01
    9049.102     52.918   3.990  8.99740E-01  1.00695E+00 -1.07206E-01
    9051.249     55.065   4.060  9.13236E-01  1.00830E+00 -9.50598E-02
    9053.433     57.250   4.130  9.37808E-01  1.00923E+00 -7.14225E-02
    9055.655     59.471   4.200  9.70364E-01  1.01048E+00 -4.01128E-02
    9057.914     61.730   4.270  1.00486E+00  1.01211E+00 -7.24581E-03
    9060.210     64.026   4.340  1.03445E+00  1.01373E+00  2.07182E-02
    9062.544     66.360   4.410  1.05586E+00  1.01510E+00  4.07575E-02
    9064.914     68.731   4.480  1.07081E+00  1.01641E+00  5.44029E-02
    9067.323     71.139   4.550  1.08227E+00  1.01773E+00  6.45398E-02
    9069.768     73.585   4.620  1.09081E+00  1.01875E+00  7.20516E-02
    9072.251     76.068   4.690  1.09640E+00  1.01962E+00  7.67867E-02
    9074.772     78.588   4.760  1.10162E+00  1.02045E+00  8.11741E-02
    9077.329     81.146   4.830  1.11152E+00  1.02137E+00  9.01586E-02
    9079.924     83.741   4.900  1.12768E+00  1.02207E+00  1.05604E-01
    9082.557     86.373   4.970  1.14320E+00  1.02243E+00  1.20771E-01
    9085.226     89.043   5.040  1.14435E+00  1.02261E+00  1.21748E-01
    9087.933     91.750   5.110  1.11891E+00  1.02272E+00  9.61993E-02
    9090.678     94.494   5.180  1.06535E+00  1.02271E+00  4.26469E-02
    9093.459     97.276   5.250  9.94791E-01  1.02248E+00 -2.76911E-02
    9096.278    100.095   5.320  9.24760E-01  1.02215E+00 -9.73910E-02
    9099.135    102.951   5.390  8.69409E-01  1.02174E+00 -1.52330E-01
    9102.028    105.845   5.460  8.35511E-01  1.02130E+00 -1.85792E-01
    9104.959    108.776   5.530  8.22699E-01  1.02063E+00 -1.97935E-01
    9107.928    111.744   5.600  8.26957E-01  1.01978E+00 -1.92825E-01
    9110.933    114.750   5.670  8.45308E-01  1.01888E+00 -1.73568E-01
    9113.976    117.793   5.740  8.78067E-01  1.01799E+00 -1.39924E-01
    9117.057    120.873   5.810  9.26453E-01  1.01713E+00 -9.06751E-02
    9120.174    123.991   5.880  9.88559E-01  1.01617E+00 -2.76133E-02
    9123.330    127.146   5.950  1.05892E+00  1.01517E+00  4.37524E-02
    9126.522    130.338   6.020  1.13083E+00  1.01414E+00  1.16688E-01
    9129.752    133.568   6.090  1.19779E+00  1.01317E+00  1.84621E-01
    9133.019    136.835   6.160  1.25137E+00  1.01225E+00  2.39117E-01
    9136.323    140.140   6.230  1.27769E+00  1.01133E+00  2.66360E-01
    9139.665    143.481   6.300  1.25990E+00  1.01038E+00  2.49515E-01
    9143.044    146.860   6.370  1.19569E+00  1.00948E+00  1.86206E-01
    9146.460    150.277   6.440  1.10842E+00  1.00870E+00  9.97155E-02
    9149.914    153.731   6.510  1.02689E+00  1.00794E+00  1.89522E-02
    9153.405    157.222   6.580  9.64303E-01  1.00722E+00 -4.29122E-02
