#  Fermi level (eV): -14.683
#  Charge transfer :   0.711
#    Electron counts for each orbital momentum:
#       0      1.428
#       1      1.637
#       2     10.223
#       3      0.000
#  Number of atoms in cluster:   0
#  Lorentzian broadening with HWHH     0.0100 eV
# -----------------------------------------------------------------------
#      e        sDOS           pDOS          dDOS          fDOS    @#
   -30.0000  1.342776E-04  7.462376E-05  4.190590E-04  2.449744E-05
   -29.5500  1.777093E-04  8.534908E-05  3.865858E-04  2.564170E-05
   -29.1000  3.428764E-04  1.101810E-04  3.605636E-04  2.691077E-05
   -28.6500  2.252383E-02  3.583322E-03  6.974921E-04  1.214192E-04
   -28.2000  1.445864E-02  3.490688E-03  8.542116E-04  2.154668E-04
   -27.7500  7.414373E-03  4.147396E-03  1.355053E-03  3.539159E-04
   -27.3000  3.960681E-03  3.365646E-03  1.617884E-03  4.883347E-04
   -26.8500  1.806693E-03  2.541221E-03  2.751231E-03  1.133934E-03
   -26.4000  3.635005E-02  7.274508E-03  6.964824E-03  6.303870E-03
   -25.9500  7.713347E-02  2.591567E-03  7.295461E-04  8.100927E-05
   -25.5000  1.349517E-01  7.643113E-03  1.371710E-03  1.598208E-04
   -25.0500  2.629919E-01  2.336187E-02  2.479372E-03  4.782324E-04
   -24.6000  2.039781E-01  3.030993E-02  1.854232E-03  3.553396E-04
   -24.1500  2.470797E-01  4.504679E-02  2.829731E-03  5.457798E-04
   -23.7000  2.368841E-01  5.342773E-02  4.231845E-03  4.448808E-04
   -23.2500  1.099778E-01  3.273221E-02  3.141807E-03  3.275762E-04
   -22.8000  2.811803E-01  8.606483E-02  1.202103E-02  1.121449E-03
   -22.3500  1.271825E-01  4.723754E-02  1.232007E-02  1.661565E-03
   -21.9000  1.696125E-01  6.328447E-02  1.833730E-02  3.123527E-03
   -21.4500  3.124684E-01  5.997423E-02  2.537236E-02  4.389241E-03
   -21.0000  1.307793E-01  2.605527E-02  1.308137E-02  4.486418E-03
   -20.5500  6.491559E-02  2.669354E-02  1.107799E-02  5.166093E-03
   -20.1000  4.190601E-02  1.713634E-02  3.963192E-03  3.949244E-03
   -19.6500  1.931513E-03  1.911055E-02  5.726541E-04  3.232500E-04
   -19.2000  6.992607E-03  8.130345E-02  2.925599E-03  7.672602E-04
   -18.7500  3.014724E-02  2.977609E-01  1.476341E-02  3.886323E-03
   -18.3000  4.573563E-02  3.941009E-01  3.185711E-02  6.233764E-03
   -17.8500  3.136795E-02  7.351530E-01  4.131502E-02  1.912768E-02
   -17.4000  1.852062E-02  5.642371E-01  7.260510E-02  2.490705E-02
   -16.9500  2.610194E-02  1.865675E-01  4.408884E-02  1.138008E-02
   -16.5000  7.547581E-03  7.214661E-02  2.552721E-02  7.154277E-03
   -16.0500  5.171327E-03  1.913314E-01  7.067425E-02  1.318456E-02
   -15.6000  5.295200E-02  1.184876E-01  4.246967E-02  1.642558E-02
   -15.1500  5.095930E-02  1.636520E-01  5.289980E-02  2.747688E-02
   -14.7000  5.233860E-02  1.349376E-01  6.188080E-02  2.948265E-02
   -14.2500  1.697863E-02  1.588749E-01  2.289536E-02  1.067449E-02
   -13.8000  2.961344E-02  3.092997E-01  3.050907E-02  1.058807E-02
   -13.3500  1.728265E-02  1.776182E-01  2.778509E-02  5.841837E-03
   -12.9000  1.339683E-01  1.908235E-01  4.481518E-02  1.130205E-02
   -12.4500  1.419142E-01  1.811125E-01  5.300909E-02  1.324435E-02
   -12.0000  1.281755E-01  2.794351E-01  7.391237E-02  2.529646E-02
   -11.5500  4.754294E-02  2.439468E-01  6.145696E-02  1.468959E-02
   -11.1000  2.903950E-02  2.493070E-01  7.431287E-02  1.454857E-02
   -10.6500  3.205168E-02  3.460068E-01  1.700469E-01  1.568650E-02
   -10.2000  3.890805E-02  3.627010E-01  1.655513E-01  2.193909E-02
    -9.7500  1.785292E-02  1.296580E-01  4.489192E-02  1.140058E-02
    -9.3000  2.406211E-02  1.955219E-01  5.394925E-02  8.680765E-03
    -8.8500  2.129204E-02  2.900366E-01  6.637681E-02  1.772000E-02
    -8.4000  2.311779E-02  2.352130E-01  9.991002E-02  1.666731E-02
    -7.9500  2.669834E-02  3.828581E-01  1.607913E-01  2.634364E-02
    -7.5000  2.319467E-02  2.405914E-01  1.589713E-01  2.093655E-02
    -7.0500  2.034378E-02  1.521364E-01  1.050900E-01  1.876989E-02
    -6.6000  3.001856E-02  1.636117E-01  1.713455E-01  3.384575E-02
    -6.1500  5.030220E-02  2.286886E-01  2.543496E-01  5.156059E-02
    -5.7000  3.652639E-02  1.542018E-01  1.460110E-01  2.105287E-02
    -5.2500  3.900615E-02  9.809457E-02  2.324523E-01  3.233184E-02
    -4.8000  3.029569E-02  9.407404E-02  2.125004E-01  4.346066E-02
    -4.3500  2.546757E-02  1.060455E-01  2.456028E-01  5.156991E-02
    -3.9000  1.853377E-02  1.389542E-01  2.013224E-01  5.912530E-02
    -3.4500  2.315025E-02  1.319663E-01  1.819569E-01  6.861000E-02
    -3.0000  3.596665E-02  2.887076E-01  2.150170E-01  1.203705E-01
    -2.5500  2.209549E-02  3.276700E-01  2.440323E-01  1.457045E-01
    -2.1000  1.598562E-02  2.826420E-01  2.501435E-01  1.550163E-01
    -1.6500  9.597033E-03  3.510718E-01  1.778497E-01  1.998707E-01
    -1.2000  1.590817E-02  2.609801E-01  1.537618E-01  7.741186E-02
    -0.7500  1.149831E-02  1.981466E-01  1.582133E-01  5.796814E-02
    -0.3000  3.851744E-03  1.070292E-01  1.268479E-01  5.700678E-02
     0.1500  8.460904E-03  5.561880E-02  1.725409E-01  5.134105E-02
     0.6000  2.063929E-02  7.775138E-02  1.843041E-01  7.988270E-02
     1.0500  2.604339E-02  8.161411E-02  2.113052E-01  9.428994E-02
     1.5000  2.408660E-02  9.404519E-02  1.639473E-01  8.197914E-02
     1.9500  2.926889E-02  8.498292E-02  1.634047E-01  7.798804E-02
     2.4000  2.632299E-02  1.505710E-01  3.513496E-01  1.598376E-01
     2.8500  2.064476E-02  7.811262E-02  2.293252E-01  1.306125E-01
     3.3000  1.906639E-02  1.102801E-01  2.288781E-01  1.341018E-01
     3.7500  2.749291E-02  1.211142E-01  2.846381E-01  1.750836E-01
     4.2000  2.332610E-02  1.268101E-01  2.740212E-01  2.299718E-01
     4.6500  9.585726E-03  4.412039E-02  1.342036E-01  7.466789E-02
     5.1000  2.204274E-02  5.599181E-02  1.841385E-01  1.331380E-01
     5.5500  9.723274E-03  4.953341E-02  1.444147E-01  1.452703E-01
     6.0000  1.121547E-02  5.018629E-02  2.400113E-01  1.560709E-01
     6.4500  1.774085E-02  6.903151E-02  2.839927E-01  1.650378E-01
     6.9000  1.804890E-02  6.769821E-02  3.585681E-01  1.504521E-01
     7.3500  1.389193E-02  3.460676E-02  2.341863E-01  8.432275E-02
     7.8000  1.292677E-02  3.968092E-02  2.337051E-01  9.908745E-02
     8.2500  1.667503E-02  5.130627E-02  2.529313E-01  1.056776E-01
     8.7000  1.862755E-02  6.608424E-02  3.233880E-01  1.313473E-01
     9.1500  2.820659E-02  7.924716E-02  4.099519E-01  2.028166E-01
     9.6000  2.348336E-02  5.542767E-02  2.294243E-01  1.313267E-01
    10.0500  2.520048E-02  6.583721E-02  2.977116E-01  1.646985E-01
    10.5000  6.771028E-02  1.043462E-01  3.539728E-01  2.117568E-01
    10.9500  3.887105E-02  6.926075E-02  2.691788E-01  1.965673E-01
    11.4000  4.713652E-02  1.123333E-01  2.407738E-01  2.441296E-01
    11.8500  5.223238E-02  9.968367E-02  2.420231E-01  1.990328E-01
    12.3000  2.049772E-02  4.974152E-02  1.442644E-01  1.345200E-01
    12.7500  3.018043E-02  9.023517E-02  1.947712E-01  1.907883E-01
    13.2000  3.215265E-02  8.501666E-02  1.926741E-01  2.058672E-01
    13.6500  2.882868E-02  1.046402E-01  1.646259E-01  2.598220E-01
    14.1000  3.672386E-02  1.351120E-01  1.727155E-01  2.503783E-01
    14.5500  2.939261E-02  1.392041E-01  1.694870E-01  2.424376E-01
    15.0000  3.203070E-02  9.430714E-02  1.759732E-01  2.056425E-01
