# Orientation sensitive EELS calculation - beam energy =   300.keV
# Sample to beam orientation :    0.000    0.000    1.000
# Collection and convergence semiangle:      1.100      0.300   ; # points:   100 x 1
# Detector position:     0.0000     0.0000
# Units are a_0^2 / eV.  Multiply by 28.00 10^-18  to get cm^-2 / eV.  Or by 28 to get Mbarn / eV.
# Relativistic and cross-terms.
# # POT  SCF 100  4.5000   0, screened core-hole, AFOLP (folp(0)= 1.150)                            
# # Gam_ch=8.676E-02 H-L exch Vi= 4.000E-01 Vr= 1.000E+00                                           
# FMS rfms= 6.0000                                                                                  
#  S02=1.000  Temp=   0.00  Debye_temp=   0.00  Global_sig2= 0.00000                                
#  Energy zero shift, vr, vi    0.00000E+00   0.00000E+00                                           
#  Energy       total         atomic-bg     fine-struct   xx            xy            xz            yx            yy            yz            zx            zy            zz
   273.822      0.308730E-07  0.685598E-07 -0.376868E-07  0.932460E-08  0.148311E-27 -0.215860E-18  0.113206E-27  0.930217E-08 -0.149516E-33 -0.237317E-18 -0.426786E-32  0.122462E-07
   274.546      0.371481E-07  0.874095E-07 -0.502614E-07  0.110569E-07  0.161998E-27 -0.343003E-18  0.484081E-27  0.110243E-07 -0.271088E-33 -0.393200E-18 -0.881715E-32  0.150669E-07
   275.193      0.458066E-07  0.114613E-06 -0.688066E-07  0.135285E-07  0.551355E-27 -0.566423E-18  0.734657E-27  0.134733E-07 -0.215771E-32 -0.658861E-18 -0.184308E-31  0.188047E-07
   275.765      0.582480E-07  0.155261E-06 -0.970128E-07  0.172543E-07  0.107877E-26 -0.981512E-18  0.135788E-26  0.171455E-07 -0.267262E-32 -0.113464E-17 -0.586289E-32  0.238481E-07
   276.260      0.769410E-07  0.218345E-06 -0.141404E-06  0.231903E-07  0.296632E-26 -0.180344E-17  0.588146E-28  0.229484E-07 -0.879216E-32 -0.203456E-17 -0.334543E-31  0.308022E-07
   276.679      0.106217E-06  0.319708E-06 -0.213491E-06  0.330870E-07  0.992798E-26 -0.352397E-17  0.901544E-26  0.325074E-07 -0.188317E-31 -0.381687E-17 -0.297505E-31  0.406222E-07
   277.022      0.152808E-06  0.484093E-06 -0.331286E-06  0.497683E-07  0.116616E-25 -0.709429E-17  0.124787E-25  0.483789E-07 -0.236018E-31 -0.731734E-17 -0.167310E-30  0.546604E-07
   277.289      0.222221E-06  0.730928E-06 -0.508707E-06  0.756812E-07  0.129292E-25 -0.130413E-16  0.491514E-25  0.728033E-07 -0.658298E-31 -0.130068E-16 -0.336085E-30  0.737366E-07
   277.479      0.304124E-06  0.101782E-05 -0.713692E-06  0.106748E-06  0.425565E-25 -0.179716E-16  0.430913E-25  0.102557E-06 -0.503870E-31 -0.183281E-16 -0.602238E-30  0.948183E-07
   277.594      0.367317E-06  0.123144E-05 -0.864118E-06  0.130375E-06  0.926649E-25 -0.179224E-16  0.351253E-25  0.126343E-06 -0.213273E-31 -0.216880E-16 -0.453110E-30  0.110599E-06
   277.632      0.389679E-06  0.130528E-05 -0.915600E-06  0.138524E-06  0.486206E-25 -0.172300E-16  0.317074E-25  0.135024E-06 -0.648793E-31 -0.277311E-16 -0.288756E-30  0.116131E-06
   277.682      0.419100E-06  0.140093E-05 -0.981828E-06  0.148701E-06  0.727947E-25 -0.211336E-16  0.243208E-25  0.146344E-06 -0.152542E-31 -0.342808E-16 -0.560484E-30  0.124055E-06
   277.718      0.439587E-06  0.146711E-05 -0.102752E-05  0.155621E-06  0.217609E-25 -0.459804E-17  0.100481E-25  0.154324E-06 -0.881043E-31 -0.233218E-16 -0.122413E-30  0.129642E-06
   277.784      0.475180E-06  0.158291E-05 -0.110773E-05  0.166888E-06 -0.254175E-25 -0.750206E-17 -0.147078E-25  0.168104E-06  0.847511E-32 -0.258873E-16 -0.107628E-30  0.140188E-06
   277.870      0.512900E-06  0.171190E-05 -0.119900E-05  0.177353E-06 -0.329798E-25 -0.138298E-16 -0.360771E-25  0.182359E-06  0.238214E-32 -0.404296E-17 -0.242524E-30  0.153189E-06
   277.975      0.544798E-06  0.183569E-05 -0.129089E-05  0.184405E-06 -0.127662E-24 -0.281514E-17 -0.212353E-24  0.193300E-06 -0.401187E-31 -0.132319E-16 -0.254383E-30  0.167092E-06
   278.099      0.566095E-06  0.193802E-05 -0.137192E-05  0.188094E-06 -0.180643E-24  0.107241E-16 -0.172989E-24  0.198272E-06  0.171739E-31 -0.651989E-17 -0.256405E-30  0.179729E-06
   278.241      0.576570E-06  0.201042E-05 -0.143385E-05  0.189738E-06 -0.791177E-25 -0.197540E-16 -0.662474E-25  0.196027E-06 -0.948224E-32 -0.215578E-16 -0.365425E-30  0.190804E-06
   278.403      0.578241E-06  0.205181E-05 -0.147357E-05  0.188011E-06  0.240305E-25 -0.661737E-17  0.175472E-25  0.186831E-06 -0.597660E-31 -0.229428E-16  0.464830E-31  0.203399E-06
   278.584      0.571691E-06  0.206575E-05 -0.149406E-05  0.177663E-06  0.653014E-25 -0.389180E-17  0.626638E-25  0.173586E-06 -0.198396E-31  0.521498E-17 -0.251825E-30  0.220442E-06
   278.784      0.549688E-06  0.205722E-05 -0.150754E-05  0.154470E-06  0.211560E-27 -0.742710E-17  0.711776E-27  0.154403E-06 -0.332863E-31  0.274302E-17 -0.185329E-30  0.240815E-06
   279.003      0.517872E-06  0.203121E-05 -0.151334E-05  0.122678E-06 -0.261352E-25 -0.106057E-16 -0.525991E-25  0.124415E-06  0.597844E-31  0.683539E-17  0.101925E-30  0.270779E-06
   279.242      0.512281E-06  0.199201E-05 -0.147973E-05  0.895037E-07 -0.833040E-26  0.229479E-17 -0.135480E-25  0.900617E-07  0.356846E-30  0.735110E-17 -0.172261E-31  0.332715E-06
   279.499      0.590617E-06  0.194320E-05 -0.135258E-05  0.647775E-07 -0.110112E-26 -0.246280E-17 -0.981517E-27  0.648804E-07  0.228831E-30 -0.636942E-17 -0.781040E-32  0.460959E-06
   279.775      0.761189E-06  0.188772E-05 -0.112654E-05  0.507185E-07 -0.242043E-26 -0.293685E-16 -0.222759E-26  0.508221E-07  0.215823E-31 -0.785094E-17 -0.242062E-32  0.659649E-06
   280.070      0.846633E-06  0.182783E-05 -0.981198E-06  0.437662E-07 -0.810220E-27 -0.517686E-17 -0.816482E-27  0.438550E-07 -0.121976E-30 -0.716560E-17 -0.138107E-30  0.759012E-06
   280.385      0.729830E-06  0.176539E-05 -0.103556E-05  0.409461E-07  0.134293E-27  0.253115E-16  0.246941E-27  0.409275E-07  0.590878E-31  0.359425E-17  0.137910E-31  0.647957E-06
   280.718      0.587456E-06  0.170181E-05 -0.111435E-05  0.402735E-07 -0.170384E-26  0.723321E-17 -0.136420E-26  0.403774E-07 -0.500632E-31 -0.113295E-16 -0.847207E-32  0.506805E-06
   281.070      0.514088E-06  0.163816E-05 -0.112407E-05  0.405112E-07 -0.655657E-27  0.188633E-16 -0.253240E-26  0.406151E-07  0.514238E-31 -0.227313E-17  0.742220E-31  0.432962E-06
   281.442      0.476828E-06  0.157529E-05 -0.109846E-05  0.421099E-07  0.327050E-26  0.219364E-17  0.318780E-26  0.418603E-07 -0.307312E-30 -0.351336E-16 -0.102044E-30  0.392858E-06
   281.832      0.470457E-06  0.151383E-05 -0.104338E-05  0.445482E-07 -0.609017E-26 -0.213185E-16 -0.369370E-26  0.448734E-07  0.195083E-30  0.212386E-16  0.491482E-30  0.381035E-06
   282.242      0.473068E-06  0.145424E-05 -0.981172E-06  0.476943E-07 -0.411773E-27  0.166766E-16 -0.617131E-27  0.477216E-07 -0.111599E-31  0.168630E-16  0.216474E-30  0.377652E-06
   282.671      0.474924E-06  0.139682E-05 -0.921899E-06  0.518890E-07  0.552326E-26 -0.159049E-16  0.101745E-25  0.515100E-07 -0.967856E-30 -0.368105E-16 -0.893124E-31  0.371525E-06
   283.118      0.491861E-06  0.134180E-05 -0.849942E-06  0.579896E-07 -0.346520E-26  0.325234E-16 -0.650616E-26  0.583756E-07  0.468466E-30  0.429601E-16  0.609755E-30  0.375496E-06
   283.585      0.495959E-06  0.128923E-05 -0.793269E-06  0.635575E-07 -0.248624E-26 -0.145882E-16 -0.465313E-26  0.637651E-07 -0.105908E-30 -0.225167E-16 -0.261228E-30  0.368636E-06
   284.071      0.515956E-06  0.123916E-05 -0.723206E-06  0.717196E-07  0.937873E-26  0.227826E-16  0.878707E-26  0.711475E-07  0.492907E-30  0.167948E-16  0.172687E-30  0.373089E-06
   284.576      0.542648E-06  0.119167E-05 -0.649026E-06  0.873014E-07 -0.102393E-25 -0.264723E-16 -0.583891E-26  0.876997E-07 -0.123917E-30 -0.183440E-16 -0.197230E-30  0.367647E-06
   285.099      0.564760E-06  0.114667E-05 -0.581909E-06  0.111082E-06 -0.936994E-26  0.778241E-17  0.421104E-28  0.111705E-06  0.250147E-30  0.411717E-17  0.253161E-30  0.341973E-06
   285.642      0.607914E-06  0.110408E-05 -0.496163E-06  0.137479E-06 -0.202502E-25  0.316743E-16 -0.314801E-26  0.138454E-06  0.625273E-30  0.695447E-17  0.242012E-30  0.331981E-06
   286.204      0.659172E-06  0.106381E-05 -0.404636E-06  0.161962E-06  0.350729E-26  0.106565E-16  0.428200E-26  0.161468E-06 -0.115549E-30  0.439186E-17 -0.359299E-31  0.335742E-06
   286.785      0.684442E-06  0.102576E-05 -0.341317E-06  0.199420E-06  0.151871E-26  0.509996E-16  0.648320E-27  0.199231E-06  0.293788E-30  0.295737E-16  0.311246E-31  0.285790E-06
   287.385      0.809363E-06  0.989829E-06 -0.180466E-06  0.270660E-06  0.625360E-26 -0.537223E-16  0.464658E-26  0.270325E-06 -0.176187E-29 -0.654813E-16 -0.107461E-29  0.268379E-06
   288.005      0.114850E-05  0.955929E-06  0.192567E-06  0.440464E-06 -0.239746E-25  0.437927E-16 -0.709216E-26  0.441691E-06 -0.198153E-30  0.570974E-16  0.153356E-29  0.266341E-06
   288.643      0.180087E-05  0.923917E-06  0.876954E-06  0.782139E-06  0.418253E-25 -0.820268E-17  0.219218E-25  0.779948E-06 -0.170630E-30 -0.138012E-16 -0.334192E-30  0.238783E-06
   289.300      0.241336E-05  0.893681E-06  0.151968E-05  0.109298E-05 -0.284182E-25 -0.498150E-16 -0.296531E-25  0.109510E-05 -0.101926E-29 -0.564171E-17 -0.111622E-30  0.225280E-06
   289.976      0.221530E-05  0.865159E-06  0.135014E-05  0.100360E-05  0.673593E-27  0.205793E-16  0.137174E-26  0.100334E-05  0.169035E-29  0.632234E-16  0.874346E-30  0.208362E-06
   290.672      0.157843E-05  0.838200E-06  0.740229E-06  0.693038E-06  0.117874E-25 -0.432559E-16  0.527263E-26  0.691805E-06 -0.978401E-30 -0.275251E-16 -0.391185E-30  0.193586E-06
   291.386      0.126758E-05  0.812691E-06  0.454891E-06  0.551267E-06  0.504350E-25  0.267847E-16  0.142657E-25  0.548623E-06  0.749630E-30  0.320118E-16  0.282947E-30  0.167691E-06
   292.119      0.129698E-05  0.788586E-06  0.508390E-06  0.577697E-06 -0.967315E-25 -0.273178E-17 -0.150383E-24  0.584762E-06  0.214738E-30  0.164941E-16  0.949246E-31  0.134517E-06
   292.872      0.139338E-05  0.765766E-06  0.627614E-06  0.638156E-06 -0.740812E-25 -0.499803E-16 -0.676506E-25  0.641372E-06 -0.155639E-29 -0.437663E-16 -0.171883E-29  0.113852E-06
   293.643      0.156736E-05  0.744167E-06  0.823198E-06  0.726632E-06  0.235271E-24 -0.450098E-16  0.247583E-24  0.715142E-06  0.191057E-30 -0.166150E-16 -0.114014E-29  0.125591E-06
   294.434      0.165964E-05  0.723694E-06  0.935947E-06  0.767613E-06  0.105286E-24  0.344204E-16  0.689863E-25  0.763657E-06  0.494841E-30  0.457261E-16  0.209623E-30  0.128370E-06
   295.244      0.149268E-05  0.704245E-06  0.788434E-06  0.691811E-06 -0.140666E-24 -0.174296E-16 -0.780761E-25  0.700470E-06 -0.883014E-30 -0.276495E-16 -0.879195E-30  0.100398E-06
   296.072      0.142387E-05  0.685768E-06  0.738099E-06  0.665344E-06  0.561563E-26  0.586788E-16 -0.808664E-26  0.662652E-06  0.100459E-29  0.468885E-16  0.142316E-29  0.958713E-07
   296.920      0.143345E-05  0.668234E-06  0.765218E-06  0.658376E-06  0.174155E-25  0.368096E-16  0.353876E-25  0.655073E-06  0.112371E-29  0.436170E-16  0.274958E-30  0.120003E-06
   297.787      0.130003E-05  0.651543E-06  0.648490E-06  0.580631E-06 -0.333552E-25 -0.112335E-15 -0.155589E-25  0.582632E-06 -0.253516E-29 -0.106757E-15 -0.142120E-29  0.136770E-06
   298.673      0.111765E-05  0.635653E-06  0.481994E-06  0.495715E-06 -0.188484E-25  0.150688E-15 -0.314419E-25  0.496999E-06  0.661060E-29  0.155995E-15  0.286727E-29  0.124933E-06
   299.577      0.103690E-05  0.620516E-06  0.416380E-06  0.466393E-06  0.198634E-25  0.821459E-16  0.521447E-25  0.463986E-06  0.245446E-29  0.960032E-16  0.156411E-29  0.106517E-06
   300.501      0.103973E-05  0.606065E-06  0.433669E-06  0.470636E-06  0.543745E-25 -0.109979E-15  0.415239E-25  0.467598E-06 -0.281038E-29 -0.100060E-15 -0.320588E-30  0.101501E-06
   301.444      0.983577E-06  0.592269E-06  0.391309E-06  0.436283E-06 -0.135845E-24  0.530218E-16 -0.132605E-24  0.441927E-06  0.981396E-30  0.619756E-16  0.207493E-30  0.105367E-06
   302.406      0.911847E-06  0.579076E-06  0.332771E-06  0.403382E-06  0.170224E-25  0.133754E-16  0.384849E-25  0.400301E-06  0.911685E-31  0.210324E-16  0.293463E-30  0.108164E-06
   303.387      0.920099E-06  0.566454E-06  0.353646E-06  0.404079E-06  0.207105E-25 -0.324489E-16  0.369193E-25  0.402604E-06 -0.855478E-30 -0.355361E-16 -0.510617E-30  0.113416E-06
   304.387      0.898394E-06  0.554361E-06  0.344034E-06  0.390502E-06 -0.599972E-26  0.456430E-16 -0.329669E-25  0.392911E-06  0.526347E-30  0.587976E-16  0.837117E-30  0.114982E-06
   305.407      0.695823E-06  0.542762E-06  0.153061E-06  0.286174E-06 -0.263895E-25 -0.362108E-16 -0.156438E-25  0.287464E-06 -0.920231E-30 -0.391464E-16 -0.709111E-30  0.122186E-06
   306.445      0.515123E-06  0.531631E-06 -0.165082E-07  0.185847E-06  0.270828E-26  0.910076E-17  0.514906E-26  0.185434E-06  0.693393E-31  0.114490E-16  0.172984E-30  0.143841E-06
   307.502      0.427481E-06  0.520932E-06 -0.934511E-07  0.132805E-06 -0.275838E-26  0.476262E-16 -0.391666E-26  0.132969E-06  0.552011E-31  0.460462E-16  0.784874E-30  0.161707E-06
   308.578      0.396548E-06  0.510636E-06 -0.114088E-06  0.115779E-06 -0.532938E-26 -0.207752E-16 -0.445818E-26  0.116038E-06 -0.227788E-30 -0.247286E-16 -0.408589E-30  0.164731E-06
   309.674      0.371886E-06  0.500718E-06 -0.128832E-06  0.112639E-06  0.132003E-26 -0.174183E-16  0.214582E-26  0.112521E-06 -0.509980E-31 -0.168329E-16  0.294842E-31  0.146726E-06
   310.788      0.317256E-06  0.491154E-06 -0.173898E-06  0.102514E-06 -0.773094E-28  0.504938E-17 -0.702346E-27  0.102576E-06  0.241931E-31  0.492505E-17 -0.269954E-31  0.112167E-06
   311.922      0.276813E-06  0.481920E-06 -0.205107E-06  0.928237E-07  0.227359E-26  0.714253E-18  0.202908E-26  0.924910E-07  0.794219E-32 -0.195135E-17  0.249114E-31  0.914984E-07
   313.074      0.255349E-06  0.472993E-06 -0.217644E-06  0.867741E-07 -0.734057E-26  0.157288E-17  0.644660E-28  0.872176E-07  0.195474E-31  0.430447E-17  0.437570E-31  0.813578E-07
   314.246      0.241398E-06  0.464353E-06 -0.222955E-06  0.838045E-07  0.250331E-27  0.113115E-16  0.806407E-27  0.837456E-07  0.609842E-31  0.129326E-16  0.111529E-30  0.738481E-07
   315.436      0.256008E-06  0.455981E-06 -0.199973E-06  0.922803E-07 -0.883370E-26  0.795544E-17 -0.338543E-26  0.926465E-07  0.544656E-31  0.999938E-17  0.261510E-31  0.710814E-07
   316.646      0.294461E-06  0.447858E-06 -0.153397E-06  0.108033E-06 -0.841261E-26 -0.820969E-17 -0.919705E-27  0.108582E-06 -0.519002E-31 -0.110145E-16 -0.592382E-30  0.778464E-07
   317.875      0.326881E-06  0.439966E-06 -0.113085E-06  0.120943E-06  0.635706E-26  0.105357E-16  0.554611E-26  0.120599E-06  0.394504E-30  0.954249E-17  0.121191E-30  0.853400E-07
   319.123      0.357679E-06  0.432292E-06 -0.746130E-07  0.132523E-06 -0.121014E-26  0.177388E-16 -0.669315E-27  0.132570E-06  0.140220E-31  0.168788E-16  0.690868E-30  0.925861E-07
   320.389      0.388842E-06  0.424820E-06 -0.359788E-07  0.144784E-06 -0.695336E-26  0.236723E-16 -0.634593E-26  0.145238E-06  0.413668E-30  0.237137E-16  0.917541E-30  0.988194E-07
   321.675      0.416081E-06  0.417534E-06 -0.145286E-08  0.156135E-06  0.468374E-26 -0.310213E-17  0.496327E-26  0.155827E-06 -0.181655E-31 -0.266642E-17  0.795540E-32  0.104119E-06
   322.980      0.434881E-06  0.410418E-06  0.244638E-07  0.164271E-06  0.145966E-25 -0.268077E-16  0.840297E-26  0.163445E-06  0.145762E-30 -0.259871E-16 -0.901827E-30  0.107166E-06
   324.304      0.437521E-06  0.403465E-06  0.340563E-07  0.165632E-06  0.540442E-26 -0.676260E-17  0.173254E-26  0.165283E-06 -0.187916E-30 -0.581693E-17  0.457342E-31  0.106607E-06
   325.647      0.421199E-06  0.396656E-06  0.245434E-07  0.159341E-06  0.260715E-26  0.131433E-16  0.486157E-26  0.159088E-06  0.198264E-30  0.131514E-16  0.209800E-30  0.102771E-06
   327.009      0.396771E-06  0.389985E-06  0.678592E-08  0.149947E-06  0.784115E-26  0.136996E-16  0.105765E-25  0.149090E-06  0.183675E-30  0.147075E-16  0.449384E-30  0.977341E-07
   328.390      0.381449E-06  0.383441E-06 -0.199195E-08  0.142961E-06  0.753303E-26  0.100897E-16  0.111115E-25  0.142444E-06  0.178622E-30  0.102103E-16  0.286374E-31  0.960436E-07
   329.791      0.357662E-06  0.377010E-06 -0.193482E-07  0.133502E-06  0.977116E-26  0.258887E-16  0.123908E-25  0.132934E-06  0.462102E-30  0.262479E-16  0.112181E-30  0.912257E-07
   331.210      0.335718E-06  0.370685E-06 -0.349670E-07  0.124636E-06  0.349480E-27  0.243031E-16  0.740746E-27  0.124566E-06  0.181039E-30  0.248448E-16  0.214037E-30  0.865161E-07
   332.648      0.319606E-06  0.364461E-06 -0.448547E-07  0.118655E-06  0.725138E-27  0.870466E-17  0.431221E-27  0.118590E-06  0.794557E-31  0.938240E-17  0.265438E-30  0.823608E-07
   334.105      0.308915E-06  0.358327E-06 -0.494114E-07  0.115321E-06  0.311660E-26 -0.768529E-17  0.459795E-26  0.115114E-06 -0.331470E-30 -0.701129E-17 -0.681534E-31  0.784797E-07
   335.582      0.302600E-06  0.352273E-06 -0.496737E-07  0.113975E-06 -0.443920E-26  0.272751E-16 -0.353043E-26  0.114222E-06  0.983759E-30  0.277331E-16  0.401138E-30  0.744028E-07
   337.077      0.296513E-06  0.346296E-06 -0.497827E-07  0.112135E-06 -0.112379E-25  0.235280E-16  0.138273E-26  0.112891E-06  0.291213E-30  0.241180E-16  0.379196E-30  0.714867E-07
   338.592      0.292399E-06  0.340385E-06 -0.479864E-07  0.110672E-06 -0.470724E-26  0.322635E-17 -0.413723E-26  0.111679E-06  0.120734E-30  0.404895E-17  0.140497E-30  0.700479E-07
   340.125      0.289433E-06  0.334539E-06 -0.451054E-07  0.109574E-06 -0.129383E-25 -0.187982E-16 -0.129644E-26  0.110277E-06 -0.660579E-30 -0.176365E-16 -0.606307E-30  0.695817E-07
   341.678      0.287897E-06  0.328752E-06 -0.408547E-07  0.109054E-06 -0.518117E-27 -0.306089E-16 -0.155701E-26  0.109173E-06 -0.667942E-30 -0.290194E-16 -0.106272E-29  0.696695E-07
   343.249      0.288781E-06  0.323020E-06 -0.342386E-07  0.109559E-06  0.495218E-26 -0.266542E-16  0.137220E-25  0.109097E-06  0.199991E-30 -0.245139E-16 -0.765436E-30  0.701252E-07
   344.840      0.292486E-06  0.317338E-06 -0.248519E-07  0.111292E-06  0.119539E-25 -0.826924E-17  0.622538E-26  0.110347E-06 -0.438384E-30 -0.538358E-17 -0.342093E-30  0.708469E-07
   346.450      0.298105E-06  0.311703E-06 -0.135980E-07  0.113919E-06  0.375589E-25  0.240938E-16  0.957566E-26  0.112570E-06  0.354218E-30  0.274752E-16  0.118000E-29  0.716152E-07
   348.078      0.302766E-06  0.306115E-06 -0.334928E-08  0.115705E-06  0.176076E-25  0.436349E-16  0.780243E-26  0.114725E-06  0.148682E-29  0.458567E-16  0.651020E-32  0.723367E-07
   349.726      0.310911E-06  0.300574E-06  0.103369E-07  0.119614E-06  0.176503E-25 -0.158364E-16  0.129855E-25  0.118553E-06  0.526424E-32 -0.124419E-16 -0.914067E-31  0.727440E-07
   351.393      0.316090E-06  0.295089E-06  0.210010E-07  0.122651E-06  0.958801E-26 -0.717246E-16  0.140299E-25  0.121146E-06 -0.122265E-29 -0.662090E-16 -0.126284E-29  0.722928E-07
   353.079      0.314968E-06  0.289667E-06  0.253020E-07  0.122433E-06  0.277711E-25 -0.988157E-16  0.376106E-26  0.121027E-06 -0.361205E-29 -0.907172E-16 -0.282653E-29  0.715083E-07
   354.784      0.307327E-06  0.284231E-06  0.230960E-07  0.118544E-06  0.952241E-27 -0.889773E-16  0.892505E-26  0.118000E-06 -0.892017E-30 -0.805922E-16 -0.226598E-29  0.707827E-07
