# # Cu                                                           FEFF 9.05   
# # POT  SCF  30  4.0000   0, core-hole, AFOLP (folp(0)= 1.150)
# # Abs   Z=29 Rmt= 1.437 Rnm= 1.489 K  shell
# # Pot 1 Z=29 Rmt= 1.344 Rnm= 1.381
# # Gam_ch=1.729E+00 H-L exch
# # Mu=-7.991E+00 kf=1.994E+00 Vint=-1.742E+01 Rs_int= 1.819
# # PATH  Rmax= 8.000,  Keep_limit= 0.00, Heap_limit 0.00  Pwcrit= 2.50%
#  S02=1.000  Temp= 450.00  Debye_temp= 315.00  Global_sig2= 0.00000
#  Curved wave amplitude ratio filter   4.000%
#     file         sig2 tot  cw amp ratio   deg  nlegs   reff  inp sig2
#           1       0.01089    100.00     12.00     2   2.5323
#           2       0.01471     22.99      6.00     2   3.5812
#           3       0.01072     10.61     48.00     3   3.7984
#           4       0.01318      7.52     48.00     3   4.3229
#           5       0.01418     55.07     24.00     2   4.3860
#           6       0.01330     11.25     48.00     3   4.7253
#           7       0.01346     17.45     96.00     3   4.7253
#           8       0.01607     18.67     12.00     2   5.0645
#           9       0.01392      8.74     12.00     3   5.0646
#          10       0.01607     39.86     24.00     3   5.0645
#          11       0.01392      9.74     12.00     4   5.0646
#          12       0.04356      4.05     12.00     4   5.0646
#          14       0.01607     31.90     12.00     4   5.0645
#          16       0.01966     27.24     24.00     2   5.6623
#          17       0.01499      8.94     48.00     3   5.8879
#          18       0.01926      5.83     48.00     3   5.8879
#          19       0.01897      6.34     48.00     3   5.8879
#          20       0.01562      4.31     96.00     3   5.9914
#          21       0.01500      4.97     96.00     3   5.9914
#          22       0.01500      4.66     96.00     4   5.9914
#          23       0.01562      4.81     96.00     4   5.9914
#          25       0.02071      6.95      8.00     2   6.2028
#          26       0.01872      5.01     96.00     3   6.2903
#    23/  24 paths used
#  xsedge+50, used to normalize mu           2.4644E-04
#  -----------------------------------------------------------------------
#  omega    e    k    mu    mu0     chi     @#
    8988.535     -7.982   0.050  3.64133E-01  4.34419E-01 -8.68583E-02
    8988.564     -7.953   0.100  3.69171E-01  4.40304E-01 -8.77992E-02
    8988.611     -7.905   0.150  3.84119E-01  4.57941E-01 -9.07985E-02
    8988.678     -7.839   0.200  3.98807E-01  4.75579E-01 -9.40946E-02
    8988.764     -7.753   0.250  4.21209E-01  5.03387E-01 -1.00155E-01
    8988.868     -7.648   0.300  4.42968E-01  5.31194E-01 -1.06926E-01
    8988.992     -7.524   0.350  4.66914E-01  5.64418E-01 -1.17298E-01
    8989.135     -7.382   0.400  4.89846E-01  5.97643E-01 -1.28726E-01
    8989.297     -7.220   0.450  5.08042E-01  6.30007E-01 -1.44373E-01
    8989.478     -7.039   0.500  5.25087E-01  6.62372E-01 -1.61099E-01
    8989.678     -6.839   0.550  5.33576E-01  6.90218E-01 -1.82041E-01
    8989.897     -6.620   0.600  5.41267E-01  7.18064E-01 -2.03502E-01
    8990.135     -6.381   0.650  5.40776E-01  7.41020E-01 -2.28183E-01
    8990.392     -6.124   0.700  5.40582E-01  7.63976E-01 -2.52040E-01
    8990.669     -5.848   0.750  5.35074E-01  7.82950E-01 -2.76872E-01
    8990.964     -5.553   0.800  5.31804E-01  8.01924E-01 -2.98740E-01
    8991.278     -5.238   0.850  5.27439E-01  8.17855E-01 -3.18139E-01
    8991.612     -4.905   0.900  5.27871E-01  8.33787E-01 -3.31967E-01
    8991.964     -4.553   0.950  5.31699E-01  8.47294E-01 -3.39504E-01
    8992.335     -4.181   1.000  5.42740E-01  8.60802E-01 -3.39218E-01
    8992.726     -3.791   1.050  5.61028E-01  8.72250E-01 -3.29392E-01
    8993.136     -3.381   1.100  5.87752E-01  8.83697E-01 -3.10854E-01
    8993.564     -2.953   1.150  6.23423E-01  8.93322E-01 -2.81689E-01
    8994.012     -2.505   1.200  6.66595E-01  9.02947E-01 -2.45114E-01
    8994.479     -2.038   1.250  7.17346E-01  9.10869E-01 -1.99676E-01
    8994.964     -1.552   1.300  7.72349E-01  9.18791E-01 -1.50334E-01
    8995.469     -1.048   1.350  8.30880E-01  9.25134E-01 -9.63956E-02
    8995.993     -0.524   1.400  8.88949E-01  9.31477E-01 -4.33317E-02
    8996.536      0.019   1.450  9.45245E-01  9.36378E-01  9.01211E-03
    8997.098      0.581   1.500  9.96380E-01  9.41279E-01  5.58627E-02
    8997.679      1.162   1.550  1.04093E+00  9.44874E-01  9.72513E-02
    8998.279      1.762   1.600  1.07685E+00  9.48468E-01  1.29805E-01
    8998.898      2.381   1.650  1.10360E+00  9.50916E-01  1.54338E-01
    8999.536      3.020   1.700  1.11949E+00  9.53363E-01  1.67874E-01
    9000.194      3.677   1.750  1.12590E+00  9.54830E-01  1.72971E-01
    9000.870      4.353   1.800  1.12300E+00  9.56296E-01  1.68656E-01
    9001.565      5.048   1.850  1.11231E+00  9.56935E-01  1.57397E-01
    9002.280      5.763   1.900  1.09646E+00  9.57575E-01  1.40870E-01
    9003.013      6.496   1.950  1.07725E+00  9.57472E-01  1.21709E-01
    9003.765      7.249   2.000  1.05878E+00  9.57370E-01  1.03231E-01
    9004.537      8.020   2.050  1.04208E+00  9.56590E-01  8.72284E-02
    9005.328      8.811   2.100  1.03117E+00  9.55810E-01  7.70829E-02
    9006.137      9.620   2.150  1.02648E+00  9.55030E-01  7.32609E-02
    9006.966     10.449   2.200  1.02691E+00  9.54250E-01  7.46798E-02
    9007.814     11.297   2.250  1.03493E+00  9.55942E-01  8.13993E-02
    9008.680     12.164   2.300  1.04179E+00  9.57634E-01  8.69560E-02
    9009.566     13.049   2.350  1.04330E+00  9.59326E-01  8.69976E-02
    9010.471     13.954   2.400  1.03690E+00  9.61018E-01  7.88288E-02
    9011.395     14.878   2.450  1.02534E+00  9.64316E-01  6.34225E-02
    9012.338     15.821   2.500  1.00623E+00  9.67613E-01  4.01518E-02
    9013.300     16.783   2.550  9.82756E-01  9.70911E-01  1.23215E-02
    9014.281     17.764   2.600  9.59579E-01  9.74209E-01 -1.52266E-02
    9015.281     18.764   2.650  9.38870E-01  9.75012E-01 -3.76077E-02
    9016.300     19.784   2.700  9.22163E-01  9.75816E-01 -5.58169E-02
    9017.338     20.822   2.750  9.11321E-01  9.76619E-01 -6.79177E-02
    9018.396     21.879   2.800  9.07451E-01  9.77422E-01 -7.27649E-02
    9019.472     22.955   2.850  9.07549E-01  9.78556E-01 -7.36982E-02
    9020.567     24.051   2.900  9.14614E-01  9.79690E-01 -6.74106E-02
    9021.682     25.165   2.950  9.27478E-01  9.80824E-01 -5.51529E-02
    9022.815     26.299   3.000  9.44286E-01  9.81959E-01 -3.88733E-02
    9023.968     27.451   3.050  9.62855E-01  9.83025E-01 -2.07602E-02
    9025.139     28.623   3.100  9.82528E-01  9.84092E-01 -1.60571E-03
    9026.330     29.813   3.150  1.00088E+00  9.85158E-01  1.60966E-02
    9027.540     31.023   3.200  1.01568E+00  9.86224E-01  3.00904E-02
    9028.768     32.252   3.250  1.02895E+00  9.87489E-01  4.22466E-02
    9030.016     33.500   3.300  1.03721E+00  9.88753E-01  4.92513E-02
    9031.283     34.766   3.350  1.03946E+00  9.90017E-01  5.01231E-02
    9032.569     36.052   3.400  1.03557E+00  9.91281E-01  4.47883E-02
    9033.874     37.357   3.450  1.02891E+00  9.92630E-01  3.65929E-02
    9035.198     38.681   3.500  1.01753E+00  9.93978E-01  2.36945E-02
    9036.541     40.024   3.550  1.00298E+00  9.95327E-01  7.68235E-03
    9037.903     41.386   3.600  9.87244E-01  9.96675E-01 -9.44110E-03
    9039.284     42.767   3.650  9.72621E-01  9.98029E-01 -2.53753E-02
    9040.684     44.167   3.700  9.59958E-01  9.99382E-01 -3.92832E-02
    9042.103     45.587   3.750  9.50854E-01  1.00073E+00 -4.95901E-02
    9043.542     47.025   3.800  9.46351E-01  1.00209E+00 -5.52858E-02
    9044.999     48.482   3.850  9.46348E-01  1.00330E+00 -5.63833E-02
    9046.475     49.959   3.900  9.50811E-01  1.00452E+00 -5.30640E-02
    9047.971     51.454   3.950  9.58715E-01  1.00574E+00 -4.63649E-02
    9049.485     52.969   4.000  9.68575E-01  1.00695E+00 -3.77683E-02
    9051.019     54.502   4.050  9.79060E-01  1.00790E+00 -2.83352E-02
    9052.571     56.055   4.100  9.88558E-01  1.00884E+00 -1.98984E-02
    9054.143     57.626   4.150  9.95995E-01  1.00978E+00 -1.35047E-02
    9055.734     59.217   4.200  1.00095E+00  1.01072E+00 -9.55351E-03
    9057.343     60.827   4.250  1.00393E+00  1.01138E+00 -7.27786E-03
    9058.972     62.455   4.300  1.00562E+00  1.01204E+00 -6.27048E-03
    9060.620     64.103   4.350  1.00730E+00  1.01270E+00 -5.27488E-03
    9062.287     65.770   4.400  1.01035E+00  1.01336E+00 -2.93513E-03
    9063.973     67.456   4.450  1.01549E+00  1.01359E+00  1.84953E-03
    9065.678     69.161   4.500  1.02342E+00  1.01382E+00  9.35495E-03
    9067.402     70.885   4.550  1.03401E+00  1.01405E+00  1.94391E-02
    9069.145     72.628   4.600  1.04641E+00  1.01429E+00  3.12846E-02
    9070.907     74.390   4.650  1.05830E+00  1.01411E+00  4.30380E-02
    9072.688     76.171   4.700  1.06872E+00  1.01393E+00  5.33626E-02
    9074.488     77.972   4.750  1.07615E+00  1.01374E+00  6.07828E-02
    9076.308     79.791   4.800  1.07946E+00  1.01356E+00  6.41781E-02
    9078.146     81.629   4.850  1.07754E+00  1.01319E+00  6.27077E-02
    9080.003     83.487   4.900  1.07127E+00  1.01282E+00  5.69827E-02
    9081.880     85.363   4.950  1.06137E+00  1.01245E+00  4.77159E-02
    9083.775     87.258   5.000  1.04895E+00  1.01208E+00  3.59821E-02
    9085.690     89.173   5.050  1.03496E+00  1.01138E+00  2.30331E-02
    9087.623     91.106   5.100  1.02094E+00  1.01067E+00  1.00363E-02
    9089.576     93.059   5.150  1.00764E+00  1.00996E+00 -2.27353E-03
    9091.547     95.031   5.200  9.95438E-01  1.00926E+00 -1.35221E-02
    9093.538     97.021   5.250  9.84311E-01  1.00840E+00 -2.35876E-02
    9095.548     99.031   5.300  9.74180E-01  1.00755E+00 -3.26908E-02
    9097.577    101.060   5.350  9.64903E-01  1.00669E+00 -4.09672E-02
    9099.625    103.108   5.400  9.56516E-01  1.00583E+00 -4.83811E-02
    9101.692    105.175   5.450  9.49586E-01  1.00514E+00 -5.45363E-02
    9103.777    107.261   5.500  9.44404E-01  1.00445E+00 -5.89819E-02
    9105.883    109.366   5.550  9.41639E-01  1.00375E+00 -6.10573E-02
    9108.007    111.490   5.600  9.41899E-01  1.00306E+00 -6.01608E-02
    9110.150    113.633   5.650  9.45694E-01  1.00239E+00 -5.58008E-02
    9112.312    115.795   5.700  9.52796E-01  1.00172E+00 -4.81805E-02
    9114.493    117.976   5.750  9.62683E-01  1.00106E+00 -3.78077E-02
    9116.693    120.177   5.800  9.74455E-01  1.00039E+00 -2.55663E-02
    9118.913    122.396   5.850  9.87081E-01  9.99801E-01 -1.25442E-02
    9121.151    124.634   5.900  9.99348E-01  9.99212E-01  1.34019E-04
    9123.408    126.892   5.950  1.01044E+00  9.98622E-01  1.16614E-02
    9125.685    129.168   6.000  1.01994E+00  9.98032E-01  2.16333E-02
    9127.980    131.464   6.050  1.02821E+00  9.97742E-01  3.00899E-02
    9130.295    133.778   6.100  1.03532E+00  9.97451E-01  3.74049E-02
    9132.629    136.112   6.150  1.04174E+00  9.97160E-01  4.40416E-02
    9134.981    138.465   6.200  1.04777E+00  9.96869E-01  5.02991E-02
    9137.353    140.836   6.250  1.05333E+00  9.96578E-01  5.60916E-02
    9139.744    143.227   6.300  1.05783E+00  9.96288E-01  6.08394E-02
    9142.154    145.637   6.350  1.06023E+00  9.95997E-01  6.35141E-02
    9144.582    148.066   6.400  1.05924E+00  9.95706E-01  6.28440E-02
    9147.030    150.514   6.450  1.05367E+00  9.95415E-01  5.76380E-02
    9149.497    152.981   6.500  1.04277E+00  9.95124E-01  4.71511E-02
    9151.983    155.467   6.550  1.02622E+00  9.94833E-01  3.10740E-02
    9154.488    157.972   6.600  1.00530E+00  9.94541E-01  1.06553E-02
    9157.012    160.496   6.650  9.82036E-01  9.94249E-01 -1.21004E-02
    9159.556    163.039   6.700  9.59121E-01  9.93957E-01 -3.45310E-02
    9162.118    165.601   6.750  9.39440E-01  9.93665E-01 -5.37731E-02
    9164.699    168.182   6.800  9.25542E-01  9.93373E-01 -6.72945E-02
    9167.299    170.783   6.850  9.19144E-01  9.93081E-01 -7.33845E-02
    9169.919    173.402   6.900  9.20790E-01  9.92790E-01 -7.14916E-02
    9172.557    176.041   6.950  9.29749E-01  9.92498E-01 -6.23319E-02
    9175.215    178.698   7.000  9.44164E-01  9.92206E-01 -4.77438E-02
    9177.891    181.375   7.050  9.61114E-01  9.91508E-01 -3.02365E-02
    9180.587    184.070   7.100  9.77991E-01  9.90810E-01 -1.27654E-02
    9183.301    186.785   7.150  9.92202E-01  9.90112E-01  2.08358E-03
    9186.035    189.518   7.200  1.00195E+00  9.89414E-01  1.25152E-02
    9188.788    192.271   7.250  1.00654E+00  9.88716E-01  1.78020E-02
    9191.560    195.043   7.300  1.00634E+00  9.88017E-01  1.83230E-02
    9194.350    197.834   7.350  1.00267E+00  9.87319E-01  1.53708E-02
    9197.160    200.644   7.400  9.97384E-01  9.86621E-01  1.07847E-02
    9199.989    203.472   7.450  9.92403E-01  9.85923E-01  6.50038E-03
    9202.837    206.320   7.500  9.89326E-01  9.85225E-01  4.11761E-03
    9205.704    209.187   7.550  9.88715E-01  9.84067E-01  4.67414E-03
    9208.590    212.073   7.600  9.91059E-01  9.82909E-01  8.20921E-03
    9211.495    214.979   7.650  9.95662E-01  9.81751E-01  1.40341E-02
    9214.419    217.903   7.700  1.00124E+00  9.80593E-01  2.08641E-02
    9217.363    220.846   7.750  1.00625E+00  9.79435E-01  2.71350E-02
    9220.325    223.808   7.800  1.00921E+00  9.78277E-01  3.13558E-02
    9223.306    226.790   7.850  1.00905E+00  9.77120E-01  3.24206E-02
    9226.307    229.790   7.900  1.00529E+00  9.75962E-01  2.98197E-02
    9229.326    232.809   7.950  9.98090E-01  9.74804E-01  2.37147E-02
    9232.364    235.848   8.000  9.88229E-01  9.73646E-01  1.48746E-02
    9235.422    238.905   8.050  9.76927E-01  9.72516E-01  4.50545E-03
    9238.499    241.982   8.100  9.65443E-01  9.71386E-01 -6.07982E-03
    9241.594    245.077   8.150  9.55059E-01  9.70257E-01 -1.55689E-02
    9244.709    248.192   8.200  9.46774E-01  9.69127E-01 -2.29310E-02
    9247.843    251.326   8.250  9.41172E-01  9.67998E-01 -2.75591E-02
    9250.995    254.479   8.300  9.38373E-01  9.66868E-01 -2.93164E-02
    9254.167    257.650   8.350  9.38089E-01  9.65739E-01 -2.84869E-02
    9257.358    260.841   8.400  9.39744E-01  9.64609E-01 -2.56551E-02
    9260.568    264.051   8.450  9.42628E-01  9.63479E-01 -2.15454E-02
    9263.797    267.280   8.500  9.46054E-01  9.62350E-01 -1.68629E-02
    9267.045    270.528   8.550  9.49616E-01  9.61424E-01 -1.22332E-02
    9270.312    273.795   8.600  9.52882E-01  9.60497E-01 -7.89901E-03
    9273.598    277.081   8.650  9.55721E-01  9.59571E-01 -3.99886E-03
    9276.903    280.386   8.700  9.58159E-01  9.58645E-01 -5.05099E-04
    9280.227    283.711   8.750  9.60306E-01  9.57719E-01  2.69399E-03
    9283.571    287.054   8.800  9.62265E-01  9.56792E-01  5.70401E-03
    9286.933    290.416   8.850  9.64062E-01  9.55866E-01  8.55308E-03
    9290.314    293.798   8.900  9.65619E-01  9.54940E-01  1.11582E-02
    9293.715    297.198   8.950  9.66762E-01  9.54014E-01  1.33365E-02
    9297.134    300.618   9.000  9.67270E-01  9.53087E-01  1.48546E-02
    9300.573    304.056   9.050  9.67253E-01  9.52322E-01  1.56532E-02
    9304.030    307.514   9.100  9.66281E-01  9.51557E-01  1.54516E-02
    9307.507    310.990   9.150  9.64319E-01  9.50791E-01  1.42097E-02
    9311.003    314.486   9.200  9.61473E-01  9.50026E-01  1.20363E-02
    9314.517    318.001   9.250  9.57976E-01  9.49261E-01  9.17316E-03
    9318.051    321.534   9.300  9.54140E-01  9.48495E-01  5.94633E-03
    9321.604    325.087   9.350  9.50290E-01  9.47730E-01  2.69903E-03
    9325.176    328.659   9.400  9.46706E-01  9.46965E-01 -2.73623E-04
    9328.767    332.250   9.450  9.43576E-01  9.46199E-01 -2.77145E-03
    9332.377    335.860   9.500  9.40983E-01  9.45434E-01 -4.70732E-03
    9336.006    339.489   9.550  9.38771E-01  9.44591E-01 -6.16173E-03
    9339.654    343.137   9.600  9.37009E-01  9.43748E-01 -7.14153E-03
    9343.321    346.804   9.650  9.35595E-01  9.42905E-01 -7.75332E-03
    9347.007    350.490   9.700  9.34434E-01  9.42062E-01 -8.09898E-03
    9350.712    354.195   9.750  9.33464E-01  9.41219E-01 -8.24123E-03
    9354.436    357.920   9.800  9.32679E-01  9.40376E-01 -8.18814E-03
    9358.180    361.663   9.850  9.32114E-01  9.39534E-01 -7.89930E-03
    9361.942    365.425   9.900  9.31832E-01  9.38691E-01 -7.30967E-03
    9365.723    369.207   9.950  9.31883E-01  9.37848E-01 -6.36228E-03
    9369.524    373.007  10.000  9.32286E-01  9.37005E-01 -5.03897E-03
    9373.343    376.827  10.050  9.32713E-01  9.35942E-01 -3.45164E-03
    9377.182    380.665  10.100  9.33406E-01  9.34880E-01 -1.57679E-03
    9381.040    384.523  10.150  9.34251E-01  9.33817E-01  4.64481E-04
    9384.916    388.400  10.200  9.35096E-01  9.32755E-01  2.51036E-03
    9388.812    392.295  10.250  9.35772E-01  9.31693E-01  4.37974E-03
    9392.727    396.210  10.300  9.36118E-01  9.30630E-01  5.89849E-03
    9396.660    400.144  10.350  9.36004E-01  9.29568E-01  6.92565E-03
    9400.613    404.097  10.400  9.35352E-01  9.28505E-01  7.37464E-03
    9404.585    408.069  10.450  9.34144E-01  9.27443E-01  7.22612E-03
    9408.576    412.060  10.500  9.32430E-01  9.26380E-01  6.53043E-03
    9412.586    416.070  10.550  9.30314E-01  9.25318E-01  5.39948E-03
    9416.615    420.099  10.600  9.27943E-01  9.24255E-01  3.98946E-03
    9420.663    424.147  10.650  9.25480E-01  9.23193E-01  2.47715E-03
    9424.731    428.214  10.700  9.23084E-01  9.22131E-01  1.03357E-03
    9428.817    432.300  10.750  9.20883E-01  9.21068E-01 -2.00808E-04
    9432.922    436.405  10.800  9.18961E-01  9.20006E-01 -1.13517E-03
    9437.046    440.530  10.850  9.17345E-01  9.18943E-01 -1.73837E-03
    9441.190    444.673  10.900  9.16010E-01  9.17881E-01 -2.03783E-03
    9445.352    448.835  10.950  9.14885E-01  9.16818E-01 -2.10747E-03
    9449.534    453.017  11.000  9.13881E-01  9.15756E-01 -2.04680E-03
    9453.734    457.217  11.050  9.12912E-01  9.14745E-01 -2.00274E-03
    9457.954    461.437  11.100  9.11915E-01  9.13734E-01 -1.99023E-03
    9462.192    465.676  11.150  9.10845E-01  9.12723E-01 -2.05696E-03
    9466.450    469.933  11.200  9.09697E-01  9.11713E-01 -2.20953E-03
    9470.727    474.210  11.250  9.08504E-01  9.10702E-01 -2.41124E-03
    9475.022    478.506  11.300  9.07332E-01  9.09691E-01 -2.59057E-03
    9479.337    482.820  11.350  9.06262E-01  9.08680E-01 -2.65866E-03
    9483.671    487.154  11.400  9.05369E-01  9.07669E-01 -2.53196E-03
    9488.024    491.507  11.450  9.04703E-01  9.06659E-01 -2.15480E-03
    9492.396    495.879  11.500  9.04273E-01  9.05648E-01 -1.51634E-03
    9496.787    500.270  11.550  9.04041E-01  9.04637E-01 -6.57810E-04
    9501.197    504.680  11.600  9.03927E-01  9.03626E-01  3.31983E-04
    9505.626    509.109  11.650  9.03820E-01  9.02615E-01  1.33206E-03
    9510.074    513.558  11.700  9.03603E-01  9.01605E-01  2.21213E-03
    9514.541    518.025  11.750  9.03172E-01  9.00594E-01  2.85771E-03
    9519.028    522.511  11.800  9.02460E-01  8.99583E-01  3.19183E-03
    9523.533    527.016  11.850  9.01443E-01  8.98572E-01  3.18860E-03
    9528.057    531.541  11.900  9.00148E-01  8.97561E-01  2.87582E-03
    9532.601    536.084  11.950  8.98641E-01  8.96551E-01  2.32655E-03
    9537.163    540.647  12.000  8.97014E-01  8.95540E-01  1.64212E-03
    9541.745    545.228  12.050  8.95273E-01  8.94414E-01  9.57976E-04
    9546.345    549.829  12.100  8.93549E-01  8.93288E-01  2.91872E-04
    9550.965    554.448  12.150  8.91909E-01  8.92162E-01 -2.82606E-04
    9555.604    559.087  12.200  8.90394E-01  8.91036E-01 -7.17942E-04
    9560.261    563.745  12.250  8.89020E-01  8.89909E-01 -9.96805E-04
    9564.938    568.421  12.300  8.87777E-01  8.88783E-01 -1.12985E-03
    9569.634    573.117  12.350  8.86635E-01  8.87657E-01 -1.14836E-03
    9574.349    577.832  12.400  8.85559E-01  8.86531E-01 -1.09392E-03
    9579.083    582.566  12.450  8.84511E-01  8.85405E-01 -1.00758E-03
    9583.835    587.319  12.500  8.83463E-01  8.84279E-01 -9.21078E-04
    9588.607    592.091  12.550  8.82399E-01  8.83153E-01 -8.51494E-04
    9593.399    596.882  12.600  8.81319E-01  8.82027E-01 -8.00318E-04
    9598.209    601.692  12.650  8.80233E-01  8.80901E-01 -7.56392E-04
    9603.038    606.521  12.700  8.79156E-01  8.79775E-01 -7.01621E-04
    9607.886    611.369  12.750  8.78104E-01  8.78649E-01 -6.17773E-04
    9612.753    616.237  12.800  8.77089E-01  8.77523E-01 -4.92612E-04
    9617.640    621.123  12.850  8.76112E-01  8.76397E-01 -3.23950E-04
    9622.545    626.028  12.900  8.75164E-01  8.75270E-01 -1.20822E-04
    9627.469    630.953  12.950  8.74230E-01  8.74144E-01  9.82654E-05
    9632.413    635.896  13.000  8.73289E-01  8.73018E-01  3.09376E-04
    9637.375    640.859  13.050  8.72245E-01  8.71801E-01  5.07709E-04
    9642.357    645.840  13.100  8.71167E-01  8.70584E-01  6.67656E-04
    9647.357    650.841  13.150  8.70041E-01  8.69367E-01  7.72186E-04
    9652.377    655.860  13.200  8.68857E-01  8.68150E-01  8.11913E-04
    9657.416    660.899  13.250  8.67617E-01  8.66933E-01  7.86337E-04
    9662.474    665.957  13.300  8.66327E-01  8.65716E-01  7.03340E-04
    9667.550    671.034  13.350  8.65000E-01  8.64499E-01  5.77153E-04
    9672.646    676.130  13.400  8.63651E-01  8.63283E-01  4.25358E-04
    9677.761    681.244  13.450  8.62295E-01  8.62066E-01  2.65624E-04
    9682.895    686.378  13.500  8.60946E-01  8.60849E-01  1.12919E-04
    9688.048    691.531  13.550  8.59612E-01  8.59632E-01 -2.22781E-05
    9693.220    696.703  13.600  8.58299E-01  8.58415E-01 -1.34493E-04
    9698.411    701.895  13.650  8.57006E-01  8.57198E-01 -2.22597E-04
    9703.621    707.105  13.700  8.55733E-01  8.55981E-01 -2.88334E-04
    9708.851    712.334  13.750  8.54477E-01  8.54764E-01 -3.34556E-04
    9714.099    717.582  13.800  8.53235E-01  8.53547E-01 -3.63722E-04
    9719.366    722.849  13.850  8.52007E-01  8.52330E-01 -3.77051E-04
    9724.653    728.136  13.900  8.50793E-01  8.51113E-01 -3.74485E-04
    9729.958    733.441  13.950  8.49593E-01  8.49896E-01 -3.55358E-04
    9735.282    738.766  14.000  8.48407E-01  8.48679E-01 -3.19437E-04
    9740.626    744.109  14.050  8.47266E-01  8.47503E-01 -2.78366E-04
    9745.988    749.472  14.100  8.46139E-01  8.46327E-01 -2.21454E-04
    9751.370    754.853  14.150  8.45022E-01  8.45151E-01 -1.51593E-04
    9756.771    760.254  14.200  8.43912E-01  8.43974E-01 -7.35768E-05
    9762.190    765.674  14.250  8.42804E-01  8.42798E-01  6.44026E-06
    9767.629    771.112  14.300  8.41691E-01  8.41622E-01  8.18445E-05
    9773.087    776.570  14.350  8.40570E-01  8.40446E-01  1.46602E-04
    9778.564    782.047  14.400  8.39435E-01  8.39270E-01  1.96173E-04
    9784.060    787.543  14.450  8.38286E-01  8.38094E-01  2.28091E-04
    9789.575    793.058  14.500  8.37121E-01  8.36918E-01  2.42098E-04
    9795.109    798.592  14.550  8.35943E-01  8.35742E-01  2.39839E-04
    9800.662    804.145  14.600  8.34753E-01  8.34566E-01  2.24249E-04
    9806.234    809.717  14.650  8.33556E-01  8.33389E-01  1.98811E-04
    9811.825    815.308  14.700  8.32353E-01  8.32213E-01  1.66889E-04
    9817.435    820.918  14.750  8.31147E-01  8.31037E-01  1.31276E-04
    9823.064    826.548  14.800  8.29939E-01  8.29861E-01  9.40443E-05
    9828.713    832.196  14.850  8.28732E-01  8.28685E-01  5.66478E-05
    9834.380    837.863  14.900  8.27526E-01  8.27509E-01  2.01951E-05
    9840.066    843.550  14.950  8.26321E-01  8.26333E-01 -1.42448E-05
    9845.772    849.255  15.000  8.25119E-01  8.25157E-01 -4.54290E-05
