# # FeCN6                                                        FEFF 9.6.4  
# # absorbing
# # POT  SCF 100  4.0000   0, core-hole, AFOLP (folp(0)= 1.150)
# # Abs   Z=26 Rmt= 1.319 Rnm= 1.388 K  shell
# # Pot 1 Z= 6 Rmt= 0.759 Rnm= 1.047
# # Pot 2 Z= 7 Rmt= 0.695 Rnm= 1.047
# # Gam_ch=1.309E+00 H-L exch Vi= 0.000E+00 Vr=-1.500E+01
# # Mu=-1.114E+01 kf=2.681E+00 Vint=-1.891E+01 Rs_int= 1.353
# # PATH  Rmax= 8.000,  Keep_limit= 0.00, Heap_limit 0.00  Pwcrit= 2.50%
#  S02=1.000  Temp= 150.00  Debye_temp=1073.00  Global_sig2= 0.00000
#  Energy zero shift, vr, vi    0.00000E+00   0.00000E+00
#  Curved wave amplitude ratio filter   4.000%
#     file         sig2 tot  cw amp ratio   deg  nlegs   reff  inp sig2
#           1       0.00416    100.00      6.00     2   2.0282
#           2       0.00421     35.77      6.00     2   3.2370
#           3       0.00421    122.90     12.00     3   3.2370
#           4       0.00421    103.70      6.00     4   3.2370
#           5       0.00679     13.71     24.00     3   3.4624
#           6       0.00666     14.37      6.00     3   4.0564
#           7       0.00666     10.60      6.00     4   4.0564
#          10       0.00271     13.71      6.00     4   4.4458
#          11       0.01227     47.08     12.00     5   4.4458
#          12       0.01227     40.79      6.00     6   4.4458
#          13       0.00768     10.05     48.00     3   4.5426
#          14       0.00768     12.91     48.00     4   4.5426
#          15       0.00703      6.64     48.00     4   4.6712
#          16       0.00703      9.94     48.00     5   4.6712
#          17       0.00958     12.71     24.00     4   4.8965
#          19       0.00672     11.77     12.00     3   5.2652
#          20       0.00672     16.35     12.00     4   5.2652
#          21       0.00672      7.44     12.00     4   5.2652
#          22       0.00672     20.02     12.00     4   5.2652
#          23       0.00672     19.02     12.00     6   5.2652
#          25       0.00672     11.37     12.00     5   5.2652
#          26       0.00672     27.99     12.00     5   5.2652
#          27       0.00672     12.44     12.00     5   5.2652
#          29       0.05157      5.13     12.00     5   5.2652
#          32       0.05157      6.80     12.00     6   5.2652
#          35       0.00985      5.19     48.00     5   5.4906
#          36       0.00517      4.81     48.00     5   5.4906
#          39       0.00753      8.14      6.00     6   5.6547
#          40       0.03422     28.77     12.00     7   5.6547
#          41       0.03422     25.57      6.00     8   5.6547
#          43       0.00350      4.49     48.00     5   5.7514
#          46       0.00350      8.05     48.00     6   5.7514
#          50       0.01016      4.13     48.00     6   5.8800
#          52       0.01016      7.38     48.00     7   5.8800
#          54       0.00880      4.09     48.00     4   5.9767
#          55       0.01862     11.58     48.00     4   5.9767
#          56       0.00880      7.22     48.00     5   5.9767
#          57       0.00909      9.28     48.00     5   5.9767
#          58       0.01862     20.73     48.00     5   5.9767
#          59       0.00656      7.06     48.00     5   5.9767
#          63       0.01200      8.93     48.00     6   6.1053
#          64       0.01230      5.99     24.00     6   6.1053
#          65       0.01415     12.65     48.00     5   6.1053
#          67       0.01022     22.00     48.00     6   6.1053
#          68       0.00554      4.91     24.00     6   6.1053
#          71       0.00966      8.51     12.00     8   6.4740
#          72       0.00677      8.78      6.00     8   6.4740
#          73       0.00341      4.97     12.00     7   6.4740
#          74       0.00677     10.39     12.00     7   6.4740
#          75       0.00966     15.84     12.00     7   6.4740
#          76       0.00966      5.39     12.00     7   6.4740
#          77       0.00677     11.39     12.00     7   6.4740
#          78       0.00677     13.98      6.00     7   6.4740
#          79       0.00341      9.02     12.00     6   6.4740
#          80       0.00677      6.77     12.00     6   6.4740
#          81       0.00677     16.10     12.00     6   6.4740
#          82       0.00677      6.73     12.00     6   6.4740
#          83       0.00677      6.68     12.00     4   6.4740
#          84       0.00677      8.59     12.00     4   6.4740
#          85       0.00966     10.96     12.00     6   6.4740
#          86       0.00677     19.64     12.00     6   6.4740
#          87       0.00341      6.28     12.00     5   6.4740
#          88       0.00677      4.03     12.00     5   6.4740
#          89       0.00677      4.67      6.00     5   6.4740
#          90       0.00677     11.41     12.00     5   6.4740
#          91       0.00677      4.27     12.00     5   6.4740
#          92       0.00677     11.40     12.00     5   6.4740
#          93       0.00677      7.33      6.00     5   6.4740
#         101       0.00671      5.02     12.00     7   6.4740
#         116       0.02513      4.14     48.00     4   6.8315
#         117       0.01211      7.76     48.00     5   6.8315
#         118       0.01274      5.50      6.00     8   6.8635
#         119       0.07688     19.82     12.00     9   6.8635
#    73/  86 paths used
#  -----------------------------------------------------------------------
#       k          chi          mag           phase @#
     0.0000    5.447764E-01  5.506841E-01  1.717407E+00
     0.0500    5.424280E-01  5.487638E-01  1.722901E+00
     0.1000    5.400681E-01  5.468450E-01  1.728393E+00
     0.1500    5.329352E-01  5.411232E-01  1.744979E+00
     0.2000    5.257032E-01  5.354138E-01  1.761541E+00
     0.2500    5.135175E-01  5.260402E-01  1.789431E+00
     0.3000    5.010832E-01  5.166979E-01  1.817266E+00
     0.3500    4.834243E-01  5.039001E-01  1.856849E+00
     0.4000    4.653575E-01  4.911563E-01  1.896351E+00
     0.4500    4.417739E-01  4.752233E-01  1.948231E+00
     0.5000    4.176943E-01  4.593685E-01  2.000043E+00
     0.5500    3.878859E-01  4.406474E-01  2.065175E+00
     0.6000    3.576690E-01  4.220325E-01  2.130351E+00
     0.6500    3.217221E-01  4.008762E-01  2.210040E+00
     0.7000    2.857750E-01  3.798762E-01  2.290070E+00
     0.7500    2.444920E-01  3.567615E-01  2.386564E+00
     0.8000    2.040535E-01  3.338974E-01  2.484110E+00
     0.8500    1.591575E-01  3.094068E-01  2.601290E+00
     0.9000    1.164796E-01  2.853559E-01  2.721121E+00
     0.9500    7.110741E-02  2.604697E-01  2.865086E+00
     1.0000    2.985380E-02  2.364090E-01  3.014974E+00
     1.0500   -1.189027E-02  2.126120E-01  3.197547E+00
     1.1000   -4.727449E-02  1.904281E-01  3.392470E+00
     1.1500   -8.054205E-02  1.703909E-01  3.633933E+00
     1.2000   -1.051777E-01  1.535453E-01  3.896189E+00
     1.2500   -1.246716E-01  1.421089E-01  4.211792E+00
     1.3000   -1.337987E-01  1.358283E-01  4.539304E+00
     1.3500   -1.353803E-01  1.376133E-01  4.892783E+00
     1.4000   -1.259430E-01  1.441438E-01  5.220363E+00
     1.4500   -1.075399E-01  1.574968E-01  5.531588E+00
     1.5000   -7.935622E-02  1.724283E-01  5.804934E+00
     1.5500   -4.393707E-02  1.899791E-01  6.049799E+00
     1.6000   -2.954348E-03  2.062743E-01  6.268862E+00
     1.6500    4.196913E-02  2.248825E-01  6.470913E+00
     1.7000    8.824686E-02  2.411023E-01  6.657908E+00
     1.7500    1.366238E-01  2.594566E-01  6.837754E+00
     1.8000    1.826902E-01  2.752282E-01  7.009043E+00
     1.8500    2.291312E-01  2.927523E-01  7.182144E+00
     1.9000    2.693411E-01  3.074866E-01  7.350575E+00
     1.9500    3.056405E-01  3.231360E-01  7.523411E+00
     2.0000    3.312800E-01  3.355831E-01  7.693669E+00
     2.0500    3.495901E-01  3.496729E-01  7.875736E+00
     2.1000    3.522319E-01  3.595443E-01  8.056009E+00
     2.1500    3.390981E-01  3.651596E-01  8.234076E+00
     2.2000    3.114903E-01  3.666035E-01  8.409428E+00
     2.2500    2.696509E-01  3.652983E-01  8.594430E+00
     2.3000    2.181216E-01  3.599332E-01  8.773748E+00
     2.3500    1.616314E-01  3.512429E-01  8.946591E+00
     2.4000    1.045000E-01  3.400620E-01  9.112427E+00
     2.4500    4.912877E-02  3.326118E-01  9.276530E+00
     2.5000   -3.610503E-03  3.240994E-01  9.435918E+00
     2.5500   -5.211698E-02  3.149540E-01  9.591018E+00
     2.6000   -9.545159E-02  3.055188E-01  9.742522E+00
     2.6500   -1.367805E-01  2.992111E-01  9.899551E+00
     2.7000   -1.724441E-01  2.926494E-01  1.005491E+01
     2.7500   -2.019676E-01  2.859025E-01  1.020921E+01
     2.8000   -2.250072E-01  2.789808E-01  1.036304E+01
     2.8500   -2.432897E-01  2.730810E-01  1.052412E+01
     2.9000   -2.541184E-01  2.668550E-01  1.068537E+01
     2.9500   -2.573796E-01  2.602427E-01  1.084710E+01
     3.0000   -2.531524E-01  2.531769E-01  1.100947E+01
     3.0500   -2.419156E-01  2.460714E-01  1.117962E+01
     3.1000   -2.235364E-01  2.383785E-01  1.135031E+01
     3.1500   -1.989952E-01  2.300750E-01  1.152139E+01
     3.2000   -1.695870E-01  2.211696E-01  1.169257E+01
     3.2500   -1.367310E-01  2.128643E-01  1.186882E+01
     3.3000   -1.016970E-01  2.040341E-01  1.204458E+01
     3.3500   -6.621555E-02  1.947622E-01  1.221947E+01
     3.4000   -3.191914E-02  1.851581E-01  1.239312E+01
     3.4500    5.838245E-04  1.763435E-01  1.256968E+01
     3.5000    2.965861E-02  1.673653E-01  1.274452E+01
     3.5500    5.445713E-02  1.583534E-01  1.291743E+01
     3.6000    7.451025E-02  1.494366E-01  1.308836E+01
     3.6500    9.051569E-02  1.413501E-01  1.326134E+01
     3.7000    1.016903E-01  1.334699E-01  1.343261E+01
     3.7500    1.083134E-01  1.258748E-01  1.360259E+01
     3.8000    1.107930E-01  1.186146E-01  1.377198E+01
     3.8500    1.101986E-01  1.122694E-01  1.394480E+01
     3.9000    1.061871E-01  1.062058E-01  1.411839E+01
     3.9500    9.916676E-02  1.003955E-01  1.429378E+01
     4.0000    8.952217E-02  9.478681E-02  1.447202E+01
     4.0500    7.794409E-02  8.971992E-02  1.465529E+01
     4.1000    6.448223E-02  8.469786E-02  1.484262E+01
     4.1500    4.966983E-02  7.965886E-02  1.503471E+01
     4.2000    3.414656E-02  7.454933E-02  1.523217E+01
     4.2500    1.876910E-02  6.964139E-02  1.543508E+01
     4.3000    4.151417E-03  6.458797E-02  1.564364E+01
     4.3500   -8.894473E-03  5.938558E-02  1.585830E+01
     4.4000   -1.962680E-02  5.404964E-02  1.607958E+01
     4.4500   -2.757782E-02  4.887007E-02  1.630756E+01
     4.5000   -3.233964E-02  4.359983E-02  1.654362E+01
     4.5500   -3.380521E-02  3.829692E-02  1.678957E+01
     4.6000   -3.216121E-02  3.303447E-02  1.704832E+01
     4.6500   -2.802679E-02  2.805574E-02  1.732419E+01
     4.7000   -2.187526E-02  2.326434E-02  1.762607E+01
     4.7500   -1.451195E-02  1.881393E-02  1.796861E+01
     4.8000   -6.812383E-03  1.494530E-02  1.837626E+01
     4.8500    3.738535E-04  1.208710E-02  1.888049E+01
     4.9000    6.373796E-03  1.072553E-02  1.948591E+01
     4.9500    1.060212E-02  1.116105E-02  2.010254E+01
     5.0000    1.268813E-02  1.296155E-02  2.062611E+01
     5.0500    1.255184E-02  1.549854E-02  2.104721E+01
     5.1000    1.021131E-02  1.825881E-02  2.139766E+01
     5.1500    5.947969E-03  2.099368E-02  2.170389E+01
     5.2000    2.174894E-04  2.357225E-02  2.198192E+01
     5.2500   -6.467952E-03  2.601468E-02  2.224241E+01
     5.3000   -1.348751E-02  2.821356E-02  2.248958E+01
     5.3500   -2.022669E-02  3.015075E-02  2.272651E+01
     5.4000   -2.614083E-02  3.182347E-02  2.295507E+01
     5.4500   -3.088436E-02  3.331243E-02  2.317778E+01
     5.5000   -3.409106E-02  3.457617E-02  2.339424E+01
     5.5500   -3.561053E-02  3.564355E-02  2.360500E+01
     5.6000   -3.542594E-02  3.655011E-02  2.381061E+01
     5.6500   -3.363723E-02  3.737047E-02  2.401274E+01
     5.7000   -3.036377E-02  3.811721E-02  2.421111E+01
     5.7500   -2.577903E-02  3.882742E-02  2.440667E+01
     5.8000   -2.005912E-02  3.952974E-02  2.460053E+01
     5.8500   -1.335243E-02  4.027535E-02  2.479482E+01
     5.9000   -5.841966E-03  4.104245E-02  2.498992E+01
     5.9500    2.264426E-03  4.181926E-02  2.518692E+01
     6.0000    1.069747E-02  4.258073E-02  2.538669E+01
     6.0500    1.921984E-02  4.332785E-02  2.559234E+01
     6.1000    2.728758E-02  4.398573E-02  2.580196E+01
     6.1500    3.438485E-02  4.450975E-02  2.601555E+01
     6.2000    3.998094E-02  4.485831E-02  2.623288E+01
     6.2500    4.359774E-02  4.499616E-02  2.645357E+01
     6.3000    4.488114E-02  4.489681E-02  2.667712E+01
     6.3500    4.366124E-02  4.454392E-02  2.690295E+01
     6.4000    3.998865E-02  4.393187E-02  2.713046E+01
     6.4500    3.413852E-02  4.306543E-02  2.735909E+01
     6.5000    2.658140E-02  4.195894E-02  2.758825E+01
     6.5500    1.777442E-02  4.064239E-02  2.782170E+01
     6.6000    8.523774E-03  3.913877E-02  2.805479E+01
     6.6500   -4.827848E-04  3.748326E-02  2.828721E+01
     6.7000   -8.643059E-03  3.571252E-02  2.851878E+01
     6.7500   -1.548977E-02  3.386241E-02  2.874944E+01
     6.8000   -2.071453E-02  3.196595E-02  2.897931E+01
     6.8500   -2.416802E-02  3.005174E-02  2.920869E+01
     6.9000   -2.584264E-02  2.814289E-02  2.943801E+01
     6.9500   -2.584538E-02  2.625662E-02  2.966791E+01
     7.0000   -2.436899E-02  2.440460E-02  2.989916E+01
     7.0500   -2.163350E-02  2.258227E-02  3.013603E+01
     7.1000   -1.793287E-02  2.079718E-02  3.037618E+01
     7.1500   -1.360274E-02  1.905192E-02  3.062076E+01
     7.2000   -8.992612E-03  1.734944E-02  3.087104E+01
     7.2500   -4.448546E-03  1.569467E-02  3.112854E+01
     7.3000   -2.931046E-04  1.409591E-02  3.139513E+01
     7.3500    3.196746E-03  1.256586E-02  3.167315E+01
     7.4000    5.810958E-03  1.112264E-02  3.196564E+01
     7.4500    7.423137E-03  9.790791E-03  3.227644E+01
     7.5000    7.999103E-03  8.602169E-03  3.261005E+01
     7.5500    7.516351E-03  7.517191E-03  3.297178E+01
     7.6000    6.176247E-03  6.649859E-03  3.336642E+01
     7.6500    4.191813E-03  6.052304E-03  3.379243E+01
     7.7000    1.812292E-03  5.760583E-03  3.423748E+01
     7.7500   -7.034518E-04  5.771943E-03  3.467970E+01
     7.8000   -3.109295E-03  6.039318E-03  3.509834E+01
     7.8500   -5.187880E-03  6.492054E-03  3.548334E+01
     7.9000   -6.760378E-03  7.061889E-03  3.583505E+01
     7.9500   -7.691806E-03  7.695427E-03  3.615899E+01
     8.0000   -7.894466E-03  8.354360E-03  3.646167E+01
     8.0500   -7.277099E-03  9.009938E-03  3.675891E+01
     8.1000   -5.890455E-03  9.665823E-03  3.704379E+01
     8.1500   -3.815658E-03  1.030380E-02  3.731976E+01
     8.2000   -1.193885E-03  1.090780E-02  3.758944E+01
     8.2500    1.776689E-03  1.146293E-02  3.785473E+01
     8.3000    4.851571E-03  1.195527E-02  3.811698E+01
     8.3500    7.759641E-03  1.237219E-02  3.837704E+01
     8.4000    1.023080E-02  1.270282E-02  3.863545E+01
     8.4500    1.202791E-02  1.293871E-02  3.889246E+01
     8.5000    1.297754E-02  1.307443E-02  3.914809E+01
     8.5500    1.309795E-02  1.322298E-02  3.940753E+01
     8.6000    1.225987E-02  1.328453E-02  3.966524E+01
     8.6500    1.054742E-02  1.325991E-02  3.992098E+01
     8.7000    8.129131E-03  1.315307E-02  4.017446E+01
     8.7500    5.233192E-03  1.297087E-02  4.042541E+01
     8.8000    2.115837E-03  1.272256E-02  4.067362E+01
     8.8500   -9.708511E-04  1.241911E-02  4.091896E+01
     8.9000   -3.805803E-03  1.207231E-02  4.116143E+01
     8.9500   -6.216455E-03  1.169382E-02  4.140119E+01
     9.0000   -8.085574E-03  1.129415E-02  4.163863E+01
     9.0500   -9.465414E-03  1.099594E-02  4.187756E+01
     9.1000   -1.022630E-02  1.069346E-02  4.211483E+01
     9.1500   -1.037161E-02  1.039054E-02  4.235114E+01
     9.2000   -9.932946E-03  1.008840E-02  4.258728E+01
     9.2500   -8.964850E-03  9.785831E-03  4.282404E+01
     9.3000   -7.542971E-03  9.479682E-03  4.306214E+01
     9.3500   -5.764390E-03  9.165589E-03  4.330214E+01
     9.4000   -3.747604E-03  8.838799E-03  4.354445E+01
     9.4500   -1.629592E-03  8.494966E-03  4.378927E+01
     9.5000    4.416928E-04  8.130800E-03  4.403665E+01
     9.5500    2.383831E-03  7.846824E-03  4.429097E+01
     9.6000    4.041033E-03  7.540925E-03  4.454785E+01
     9.6500    5.297179E-03  7.212939E-03  4.480708E+01
     9.7000    6.073635E-03  6.864138E-03  4.506844E+01
     9.7500    6.338510E-03  6.497080E-03  4.533171E+01
     9.8000    6.109537E-03  6.115352E-03  4.559671E+01
     9.8500    5.450024E-03  5.723271E-03  4.586334E+01
     9.9000    4.458844E-03  5.325556E-03  4.613165E+01
     9.9500    3.256557E-03  4.927018E-03  4.640179E+01
    10.0000    1.970310E-03  4.532286E-03  4.667415E+01
    10.0500    6.788101E-04  4.213843E-03  4.696209E+01
    10.1000   -5.083584E-04  3.903369E-03  4.725450E+01
    10.1500   -1.497798E-03  3.604662E-03  4.755240E+01
    10.2000   -2.222749E-03  3.321293E-03  4.785708E+01
    10.2500   -2.645482E-03  3.056684E-03  4.816999E+01
    10.3000   -2.757009E-03  2.814242E-03  4.849267E+01
    10.3500   -2.574924E-03  2.597471E-03  4.882654E+01
    10.4000   -2.139988E-03  2.410009E-03  4.917260E+01
    10.4500   -1.511763E-03  2.255472E-03  4.953092E+01
    10.5000   -7.633744E-04  2.137048E-03  4.990020E+01
    10.5500    2.462096E-05  2.056840E-03  5.027745E+01
    10.6000    7.710808E-04  2.015146E-03  5.065814E+01
    10.6500    1.401418E-03  2.010022E-03  5.103699E+01
    10.7000    1.854326E-03  2.037394E-03  5.140912E+01
    10.7500    2.087263E-03  2.091725E-03  5.177095E+01
    10.8000    2.079951E-03  2.166914E-03  5.212054E+01
    10.8500    1.835459E-03  2.257090E-03  5.245745E+01
    10.9000    1.378845E-03  2.357111E-03  5.278223E+01
    10.9500    7.537609E-04  2.462743E-03  5.309602E+01
    11.0000    1.766625E-05  2.570644E-03  5.340020E+01
    11.0500   -7.723014E-04  2.684836E-03  5.369885E+01
    11.1000   -1.544193E-03  2.798302E-03  5.399163E+01
    11.1500   -2.228951E-03  2.910213E-03  5.427953E+01
    11.2000   -2.764232E-03  3.019899E-03  5.456342E+01
    11.2500   -3.098815E-03  3.126724E-03  5.484416E+01
    11.3000   -3.196268E-03  3.229979E-03  5.512248E+01
    11.3500   -3.037944E-03  3.328815E-03  5.539902E+01
    11.4000   -2.625233E-03  3.422213E-03  5.567433E+01
    11.4500   -1.980786E-03  3.508994E-03  5.594885E+01
    11.5000   -1.148261E-03  3.587871E-03  5.622290E+01
    11.5500   -1.901029E-04  3.657521E-03  5.649667E+01
    11.6000    8.169152E-04  3.716675E-03  5.677027E+01
    11.6500    1.788323E-03  3.764218E-03  5.704373E+01
    11.7000    2.640169E-03  3.799273E-03  5.731697E+01
    11.7500    3.297826E-03  3.821282E-03  5.758988E+01
    11.8000    3.704099E-03  3.830053E-03  5.786230E+01
    11.8500    3.825382E-03  3.825789E-03  5.813405E+01
    11.9000    3.654885E-03  3.809084E-03  5.840497E+01
    11.9500    3.212502E-03  3.780890E-03  5.867491E+01
    12.0000    2.541486E-03  3.742464E-03  5.894373E+01
    12.0500    1.699709E-03  3.717685E-03  5.921542E+01
    12.1000    7.504042E-04  3.686082E-03  5.948525E+01
    12.1500   -2.296248E-04  3.648995E-03  5.975323E+01
    12.2000   -1.166341E-03  3.607768E-03  6.001946E+01
    12.2500   -1.994090E-03  3.563629E-03  6.028412E+01
    12.3000   -2.659401E-03  3.517594E-03  6.054748E+01
    12.3500   -3.123100E-03  3.470385E-03  6.080987E+01
    12.4000   -3.361168E-03  3.422381E-03  6.107164E+01
    12.4500   -3.364844E-03  3.373613E-03  6.133317E+01
    12.5000   -3.140362E-03  3.323793E-03  6.159483E+01
    12.5500   -2.708429E-03  3.272373E-03  6.185692E+01
    12.6000   -2.103308E-03  3.218640E-03  6.211968E+01
    12.6500   -1.371177E-03  3.161806E-03  6.238329E+01
    12.7000   -5.674600E-04  3.101113E-03  6.264783E+01
    12.7500    2.470148E-04  3.035909E-03  6.291331E+01
    12.8000    1.010856E-03  2.965721E-03  6.317967E+01
    12.8500    1.667492E-03  2.890287E-03  6.344682E+01
    12.9000    2.170389E-03  2.809578E-03  6.371462E+01
    12.9500    2.487358E-03  2.723781E-03  6.398292E+01
    13.0000    2.603296E-03  2.633281E-03  6.425159E+01
    13.0500    2.521677E-03  2.538523E-03  6.451792E+01
    13.1000    2.261583E-03  2.437271E-03  6.478466E+01
    13.1500    1.856332E-03  2.330383E-03  6.505183E+01
    13.2000    1.349744E-03  2.218795E-03  6.531950E+01
    13.2500    7.911798E-04  2.103463E-03  6.558783E+01
    13.3000    2.304988E-04  1.985312E-03  6.585708E+01
    13.3500   -2.864680E-04  1.865199E-03  6.612764E+01
    13.4000   -7.215428E-04  1.743896E-03  6.640002E+01
    13.4500   -1.046744E-03  1.622093E-03  6.667487E+01
    13.5000   -1.245737E-03  1.500422E-03  6.695302E+01
    13.5500   -1.314272E-03  1.379497E-03  6.723551E+01
    13.6000   -1.259709E-03  1.259976E-03  6.752366E+01
    13.6500   -1.099714E-03  1.142628E-03  6.781918E+01
    13.7000   -8.602112E-04  1.028423E-03  6.812429E+01
    13.7500   -5.726847E-04  9.186373E-04  6.844195E+01
    13.8000   -2.710250E-04  8.149907E-04  6.877603E+01
    13.8500    1.182028E-05  7.198179E-04  6.913146E+01
    13.9000    2.470388E-04  6.362547E-04  6.951379E+01
    13.9500    4.126209E-04  5.683127E-04  6.992759E+01
    14.0000    4.951898E-04  5.205113E-04  7.037264E+01
    14.0500    5.132992E-04  5.213041E-04  7.086131E+01
    14.1000    4.403283E-04  5.499710E-04  7.132827E+01
    14.1500    2.868097E-04  5.998195E-04  7.175807E+01
    14.2000    7.112834E-05  6.635832E-04  7.214924E+01
    14.2500   -1.826289E-04  7.353918E-04  7.250760E+01
    14.3000   -4.471237E-04  8.111065E-04  7.284049E+01
    14.3500   -6.942649E-04  8.879473E-04  7.315430E+01
    14.4000   -8.975814E-04  9.640385E-04  7.345395E+01
    14.4500   -1.034369E-03  1.038058E-03  7.374310E+01
    14.5000   -1.087555E-03  1.109004E-03  7.402443E+01
    14.5500   -1.047212E-03  1.176051E-03  7.429990E+01
    14.6000   -9.116328E-04  1.238469E-03  7.457094E+01
    14.6500   -6.878067E-04  1.295584E-03  7.483858E+01
    14.7000   -3.911515E-04  1.346776E-03  7.510354E+01
    14.7500   -4.439049E-05  1.391491E-03  7.536632E+01
    14.8000    3.244293E-04  1.429259E-03  7.562721E+01
    14.8500    6.846258E-04  1.459725E-03  7.588639E+01
    14.9000    1.005979E-03  1.482670E-03  7.614393E+01
    14.9500    1.261833E-03  1.498020E-03  7.639982E+01
    15.0000    1.431764E-03  1.505858E-03  7.665402E+01
